1.00000 0.99700
0.00000 0.99937
0.00000 0.00452
1.00000 0.86864
0.00000 0.00000
1.00000 0.91447
1.00000 0.99975
1.00000 0.96821
0.00000 0.00097
0.00000 0.27087
1.00000 1.00000
0.00000 0.01760
0.00000 0.00004
0.00000 0.01050
1.00000 0.99997
0.00000 0.00005
0.00000 0.00009
1.00000 1.00000
1.00000 0.99966
0.00000 0.00064
1.00000 0.99909
0.00000 0.00000
0.00000 0.00781
1.00000 1.00000
0.00000 0.00001
1.00000 0.99833
1.00000 0.99995
1.00000 0.99999
0.00000 0.01009
1.00000 1.00000
1.00000 0.99992
0.00000 0.00000
0.00000 0.00000
0.00000 0.00020
1.00000 0.99995
1.00000 1.00000
1.00000 1.00000
1.00000 1.00000
0.00000 0.00054
0.50000 0.32136
1.00000 0.99996
1.00000 0.99995
0.00000 0.94609
1.00000 0.99920
0.00000 0.47163
0.00000 0.00011
1.00000 0.99997
1.00000 0.27062
1.00000 0.99955
1.00000 0.99961
0.00000 0.06484
0.00000 0.00007
1.00000 0.99993
0.00000 0.00000
0.00000 0.00000
1.00000 0.99988
1.00000 0.98266
0.00000 0.21079
1.00000 0.72265
1.00000 0.99991
0.00000 0.00052
1.00000 0.99956
1.00000 0.34922
0.00000 0.00034
0.00000 0.00010
0.00000 0.00000
0.00000 0.00250
0.00000 0.00000
0.00000 0.00008
0.00000 0.00000
0.00000 0.00007
0.00000 0.00042
0.00000 0.02384
0.00000 0.00512
1.00000 0.99851
0.00000 0.00001
0.00000 0.13451
1.00000 0.99997
0.00000 0.01714
0.00000 0.00008
0.00000 0.00639
0.00000 0.00021
0.00000 0.00025
0.00000 0.00127
0.00000 0.00093
0.00000 0.00031
0.00000 0.00097
0.00000 0.00128
0.00000 0.00979
1.00000 0.99989
1.00000 0.99282
0.00000 0.47414
1.00000 0.78001
1.00000 0.98967
1.00000 0.99194
1.00000 0.97919
1.00000 0.99681
0.00000 0.00007
1.00000 0.65158
0.00000 0.00211
1.00000 0.98680
0.00000 0.00005
1.00000 0.99968
1.00000 0.58832
1.00000 0.99854
1.00000 1.00000
1.00000 0.99985
1.00000 0.99976
0.00000 0.29351
0.00000 0.00141
0.00000 0.00205
0.00000 0.01702
0.00000 0.12323
0.00000 0.04840
1.00000 0.81678
1.00000 0.83136
0.00000 0.00210
1.00000 0.98500
0.00000 0.00558
1.00000 0.99998
0.00000 0.00011
0.00000 0.00131
0.00000 0.00041
0.00000 0.00195
1.00000 0.99999
1.00000 1.00000
0.00000 0.62927
1.00000 0.99498
0.00000 0.88783
0.00000 0.44330
0.00000 0.00380
0.00000 0.15814
0.00000 0.00000
1.00000 0.99996
1.00000 1.00000
1.00000 0.99843
1.00000 0.99728
0.00000 0.00009
0.00000 0.00398
1.00000 0.99882
0.00000 0.04586
0.00000 0.00094
1.00000 1.00000
1.00000 0.92226
0.00000 0.00000
0.00000 0.03744
1.00000 0.99931
0.00000 0.00000
0.00000 0.00002
1.00000 1.00000
0.00000 0.00000
0.00000 0.00003
0.00000 0.01432
0.00000 0.00015
1.00000 0.99998
1.00000 0.94005
1.00000 0.99956
1.00000 0.99997
0.00000 0.01804
1.00000 0.99948
0.00000 0.00095
1.00000 1.00000
1.00000 0.99991
1.00000 0.99998
1.00000 0.99969
1.00000 0.99917
1.00000 0.99987
1.00000 0.99881
0.00000 0.00281
0.00000 0.00078
0.00000 0.00000
1.00000 0.99952
0.00000 0.05467
1.00000 0.99937
1.00000 0.99987
0.00000 0.00503
1.00000 0.99996
0.00000 0.00056
0.00000 0.89398
1.00000 1.00000
1.00000 0.98635
1.00000 1.00000
0.00000 0.01142
0.00000 0.00010
1.00000 1.00000
0.00000 0.75248
0.00000 0.04204
0.00000 0.25729
1.00000 0.99311
1.00000 1.00000
0.00000 0.00000
0.00000 0.01682
0.00000 0.00016
0.00000 0.00001
1.00000 0.99630
0.00000 0.00677
1.00000 0.99831
1.00000 0.99988
1.00000 0.99600
0.00000 0.00243
0.00000 0.00002
0.00000 0.00003
1.00000 0.95498
0.00000 0.00000
0.00000 0.00082
0.00000 0.00000
0.00000 0.00117
1.00000 1.00000
1.00000 0.96804
0.00000 0.00000
0.00000 0.01780
1.00000 1.00000
0.00000 0.00248
0.00000 0.00003
1.00000 0.58746
0.00000 0.00000
1.00000 1.00000
1.00000 0.99983
0.00000 0.00179
0.00000 0.03011
1.00000 0.99981
0.00000 0.05770
1.00000 1.00000
0.00000 0.00708
0.00000 0.06810
1.00000 1.00000
1.00000 0.97813
0.00000 0.00053
1.00000 0.99634
0.00000 0.08852
1.00000 0.77693
1.00000 1.00000
0.00000 0.12011
0.00000 0.00113
0.00000 0.00038
1.00000 1.00000
0.00000 0.00000
1.00000 1.00000
1.00000 0.99977
0.00000 0.01204
0.00000 0.00005
0.00000 0.00000
0.00000 0.00051
1.00000 0.49071
1.00000 0.98963
0.00000 0.00002
0.00000 0.00018
0.00000 0.00060
0.00000 0.00003
1.00000 1.00000
0.00000 0.01956
0.00000 0.00034
1.00000 0.67727
1.00000 0.99928
1.00000 0.99991
0.00000 0.00090
0.00000 0.00030
0.00000 0.00769
0.00000 0.00365
0.00000 0.00060
0.00000 0.00260
0.00000 0.00013
0.00000 0.00009
0.35714 0.47082
0.00000 0.00000
1.00000 1.00000
1.00000 0.99975
0.00000 0.11777
0.00000 0.00000
0.00000 0.84961
0.00000 0.00329
0.00000 0.00000
0.00000 0.00000
0.00000 0.00012
1.00000 1.00000
1.00000 0.99984
1.00000 0.99918
0.00000 0.00004
1.00000 0.96253
0.00000 0.00041
1.00000 0.47782
1.00000 0.95805
0.00000 0.00000
1.00000 0.99891
0.00000 0.00495
0.00000 0.00002
1.00000 0.51236
1.00000 0.99981
0.00000 0.00001
0.00000 0.00010
0.00000 0.00000
0.00000 0.00832
0.00000 0.00165
0.00000 0.00001
0.00000 0.13855
1.00000 1.00000
0.00000 0.03775
1.00000 0.00630
0.00000 0.00166
0.00000 0.06331
0.00000 0.00513
0.00000 0.08507
0.00000 0.00022
0.00000 0.00226
1.00000 0.49409
0.00000 0.06300
1.00000 0.99842
1.00000 0.02981
1.00000 0.99997
1.00000 0.99999
1.00000 0.99954
1.00000 0.99979
0.00000 0.00260
0.00000 0.00031
0.00000 0.00048
0.00000 0.00062
0.00000 0.00000
1.00000 0.99996
1.00000 0.99999
1.00000 1.00000
0.50000 0.71729
0.00000 0.04864
0.00000 0.06196
0.00000 0.00128
0.00000 0.29956
1.00000 0.99965
1.00000 1.00000
1.00000 0.98740
0.00000 0.00005
1.00000 1.00000
1.00000 1.00000
1.00000 1.00000
1.00000 1.00000
1.00000 0.99844
0.00000 0.00000
0.00000 0.00000
0.00000 0.00060
0.25000 0.46353
1.00000 1.00000
0.00000 0.24152
1.00000 0.99955
1.00000 0.99901
0.00000 0.80625
0.00000 0.00001
1.00000 0.99909
0.00000 0.08455
1.00000 0.96762
1.00000 0.46827
1.00000 0.45108
1.00000 0.47153
1.00000 0.70930
1.00000 0.99392
1.00000 0.91764
0.00000 0.19014
1.00000 0.99945
1.00000 1.00000
1.00000 0.71837
0.50000 0.90810
0.00000 0.00000
1.00000 0.91844
0.00000 0.00000
1.00000 0.05606
0.00000 0.27574
1.00000 0.99997
1.00000 0.96938
1.00000 0.99552
1.00000 1.00000
0.00000 0.00180
0.50000 0.47697
0.00000 0.01226
0.00000 0.00000
0.00000 0.00000
1.00000 0.99946
0.00000 0.03549
0.00000 0.04432
1.00000 1.00000
0.00000 0.13779
0.00000 0.00000
0.00000 0.00001
1.00000 1.00000
1.00000 0.99398
0.00000 0.06843
0.00000 0.00032
1.00000 0.99964
0.00000 0.00000
1.00000 0.94812
0.00000 0.00002
0.00000 0.00105
0.00000 0.01066
1.00000 0.00993
0.00000 0.00369
1.00000 0.99984
0.00000 0.00046
1.00000 1.00000
0.00000 0.00012
0.00000 0.01650
1.00000 0.99511
0.00000 0.02828
1.00000 0.99997
0.00000 0.00288
0.00000 0.00000
1.00000 0.02551
0.00000 0.00117
0.00000 0.21898
0.00000 0.39444
0.00000 0.00015
0.00000 0.14599
1.00000 0.97928
1.00000 0.96523
1.00000 0.91408
0.00000 0.00918
0.00000 0.00050
0.00000 0.00000
1.00000 1.00000
1.00000 0.99999
1.00000 0.99745
0.00000 0.00006
0.00000 0.00067
1.00000 0.98250
1.00000 0.99996
1.00000 0.99853
1.00000 1.00000
0.00000 0.00214
1.00000 0.99968
1.00000 0.99826
1.00000 0.97731
1.00000 1.00000
1.00000 0.99994
1.00000 0.95562
0.00000 0.02074
1.00000 0.99980
1.00000 0.99876
1.00000 0.99539
1.00000 1.00000
0.00000 0.00000
0.00000 0.00206
1.00000 0.32029
0.00000 0.00000
0.00000 0.18305
1.00000 0.99997
0.00000 0.00000
1.00000 0.99897
1.00000 0.99999
0.00000 0.34059
0.00000 0.00113
1.00000 1.00000
1.00000 0.99531
1.00000 0.99999
1.00000 0.01557
0.00000 0.00022
1.00000 0.99999
1.00000 1.00000
1.00000 0.99967
0.00000 0.00000
0.00000 0.00012
0.00000 0.00001
1.00000 0.99896
1.00000 0.99212
0.00000 0.00005
1.00000 0.99996
0.00000 0.00030
1.00000 0.99918
1.00000 0.03884
0.00000 0.00005
0.00000 0.02164
1.00000 0.99922
0.00000 0.73273
1.00000 0.99996
0.00000 0.00003
1.00000 0.99952
1.00000 0.87001
0.00000 0.00217
1.00000 0.54549
1.00000 0.99975
1.00000 0.99945
1.00000 0.98650
0.00000 0.00105
1.00000 1.00000
0.00000 0.00546
0.00000 0.04409
0.00000 0.00007
1.00000 0.99022
1.00000 0.62360
1.00000 0.98243
1.00000 0.99882
1.00000 0.99964
1.00000 1.00000
1.00000 0.99984
1.00000 1.00000
1.00000 1.00000
0.00000 0.00276
0.00000 0.00286
1.00000 0.99878
0.00000 0.00005
0.00000 0.00007
0.00000 0.61425
0.00000 0.00043
1.00000 0.99775
0.00000 0.00366
0.00000 0.00001
0.00000 0.00000
0.00000 0.02800
1.00000 0.45508
1.00000 0.47057
1.00000 1.00000
1.00000 0.99986
0.00000 0.00000
1.00000 0.67597
1.00000 1.00000
0.00000 0.03137
1.00000 0.99999
1.00000 0.99367
0.00000 0.00000
0.00000 0.00001
1.00000 1.00000
0.00000 0.02661
0.00000 0.05525
0.00000 0.16215
0.00000 0.00016
1.00000 0.99999
1.00000 1.00000
0.00000 0.95696
1.00000 0.99439
0.00000 0.04326
0.00000 0.00004
0.00000 0.00482
1.00000 0.99979
1.00000 0.99568
1.00000 0.99985
1.00000 0.99949
0.00000 0.86099
0.00000 0.46263
1.00000 1.00000
1.00000 0.65156
0.00000 0.05962
0.00000 0.00878
0.00000 0.00032
0.00000 0.15267
1.00000 0.99999
1.00000 0.99909
1.00000 0.96064
1.00000 0.58136
1.00000 0.99780
1.00000 0.95735
0.00000 0.05012
1.00000 1.00000
0.00000 0.00000
0.00000 0.00073
0.00000 0.25139
1.00000 0.99998
0.00000 0.00296
1.00000 1.00000
0.00000 0.53440
0.00000 0.00000
0.00000 0.01617
0.00000 0.00853
0.00000 0.00005
1.00000 0.99088
0.00000 0.02000
0.00000 0.00739
0.00000 0.00276
0.00000 0.00017
1.00000 0.99932
1.00000 0.99975
1.00000 0.99979
1.00000 0.94718
1.00000 0.98617
0.00000 0.00000
0.00000 0.05987
0.00000 0.00050
0.00000 0.04539
0.00000 0.00001
0.50000 0.92216
0.00000 0.00391
0.00000 0.00000
1.00000 0.92859
0.00000 0.07094
0.00000 0.00000
0.00000 0.00008
1.00000 1.00000
1.00000 0.85797
1.00000 0.71129
0.00000 0.00238
0.00000 0.00255
0.00000 0.00123
0.00000 0.00000
1.00000 1.00000
1.00000 0.99986
1.00000 0.92458
1.00000 0.57187
0.00000 0.29677
1.00000 0.99996
0.00000 0.25660
0.00000 0.00192
1.00000 0.99827
1.00000 1.00000
1.00000 1.00000
1.00000 1.00000
1.00000 0.99996
1.00000 0.91076
0.00000 0.00005
1.00000 0.92744
1.00000 0.99998
1.00000 0.99993
0.00000 0.00113
0.00000 0.00010
1.00000 0.99929
1.00000 0.82088
0.00000 0.25527
1.00000 0.99940
1.00000 0.87542
1.00000 0.26180
0.00000 0.00054
1.00000 0.99545
0.00000 0.19008
0.00000 0.00026
0.00000 0.01584
0.00000 0.16022
0.00000 0.02138
1.00000 1.00000
1.00000 0.79693
1.00000 0.99979
1.00000 0.95320
0.50000 0.29515
0.00000 0.01831
0.00000 0.00000
0.00000 0.00000
1.00000 0.99100
1.00000 1.00000
0.00000 0.00001
0.00000 0.01616
0.00000 0.02493
1.00000 0.99814
1.00000 0.99999
0.00000 0.97147
1.00000 1.00000
1.00000 0.99792
0.00000 0.15387
1.00000 0.98567
0.00000 0.00001
0.00000 0.00001
0.00000 0.01396
0.00000 0.00000
0.00000 0.00989
0.00000 0.00003
0.00000 0.47481
0.00000 0.00000
0.00000 0.81396
1.00000 0.99048
0.00000 0.00004
1.00000 0.99999
1.00000 0.86556
1.00000 1.00000
1.00000 0.99999
0.00000 0.00116
1.00000 1.00000
0.00000 0.00173
0.00000 0.00052
1.00000 1.00000
1.00000 0.99999
0.00000 0.00332
0.00000 0.52675
1.00000 0.99985
0.00000 0.35121
0.50000 0.55970
1.00000 0.46183
1.00000 0.99328
0.00000 0.00477
0.00000 0.00001
0.00000 0.00899
1.00000 0.99992
0.00000 0.00000
0.00000 0.32930
1.00000 0.99964
0.00000 0.00039
1.00000 1.00000
1.00000 0.99966
0.00000 0.00000
1.00000 0.02865
1.00000 0.99938
0.00000 0.10521
1.00000 0.98571
1.00000 0.99989
1.00000 0.99956
0.00000 0.00001
1.00000 1.00000
1.00000 0.05056
1.00000 0.03365
0.00000 0.00004
0.00000 0.34724
1.00000 0.99998
1.00000 0.35907
0.00000 0.00025
0.00000 0.00006
0.00000 0.00045
1.00000 1.00000
1.00000 0.61960
0.00000 0.76442
0.00000 0.03481
1.00000 1.00000
0.00000 0.00019
0.00000 0.00188
0.00000 0.00812
0.00000 0.00001
0.00000 0.00052
1.00000 0.99695
1.00000 0.95721
1.00000 0.99986
1.00000 0.59885
1.00000 0.99999
0.00000 0.00000
0.00000 0.00074
1.00000 0.99999
0.00000 0.01750
0.00000 0.00000
0.00000 0.00003
1.00000 1.00000
1.00000 1.00000
1.00000 0.95645
0.00000 0.10362
1.00000 0.99990
1.00000 0.99999
1.00000 0.98213
1.00000 0.97632
1.00000 1.00000
1.00000 0.99962
1.00000 1.00000
1.00000 0.99994
1.00000 0.99722
1.00000 1.00000
0.00000 0.00004
0.00000 0.00000
1.00000 0.95414
0.00000 0.00009
0.00000 0.00120
0.00000 0.00976
1.00000 0.99994
0.00000 0.01796
0.00000 0.04566
1.00000 0.35544
0.00000 0.02565
1.00000 0.99994
1.00000 1.00000
1.00000 0.99986
0.00000 0.00012
0.00000 0.04832
0.00000 0.04583
0.00000 0.10302
0.00000 0.00093
0.00000 0.07092
0.00000 0.00034
0.00000 0.41740
0.00000 0.22435
0.00000 0.00062
0.00000 0.00004
1.00000 0.99924
1.00000 0.34510
0.00000 0.00000
0.00000 0.00003
1.00000 0.99989
0.00000 0.00111
1.00000 0.98753
1.00000 1.00000
1.00000 0.99989
0.00000 0.00001
0.00000 0.01955
1.00000 0.99997
1.00000 1.00000
1.00000 0.99970
0.00000 0.00129
1.00000 0.99517
0.00000 0.01922
1.00000 0.47086
1.00000 0.99781
0.00000 0.00051
1.00000 1.00000
0.00000 0.00012
1.00000 1.00000
1.00000 0.99983
0.00000 0.52642
0.00000 0.00257
1.00000 1.00000
1.00000 0.99884
0.00000 0.50804
1.00000 0.96580
0.00000 0.00000
1.00000 0.99999
1.00000 0.98923
1.00000 1.00000
0.00000 0.00020
1.00000 0.99990
0.00000 0.00453
1.00000 0.99991
1.00000 0.99997
1.00000 0.33634
0.00000 0.00024
0.00000 0.00004
1.00000 0.99978
1.00000 1.00000
0.00000 0.00013
0.00000 0.00316
1.00000 0.99983
0.00000 0.00960
1.00000 0.93161
0.00000 0.19204
0.00000 0.00001
0.00000 0.00649
0.00000 0.12403
0.00000 0.00004
0.00000 0.00006
1.00000 0.81535
1.00000 0.92179
0.00000 0.00000
0.00000 0.00013
1.00000 0.41796
1.00000 1.00000
0.00000 0.00057
0.00000 0.04792
1.00000 0.99349
0.00000 0.00965
1.00000 1.00000
1.00000 0.98001
0.00000 0.00000
0.00000 0.00738
1.00000 0.99881
0.00000 0.01252
1.00000 0.13520
0.00000 0.00059
0.00000 0.00082
0.00000 0.00123
1.00000 0.99997
0.00000 0.43198
1.00000 0.74303
1.00000 0.96629
0.00000 0.00212
1.00000 1.00000
1.00000 0.80780
0.00000 0.00002
1.00000 0.12751
0.00000 0.00000
1.00000 1.00000
0.00000 0.00145
1.00000 0.99999
1.00000 0.98916
0.00000 0.00038
0.00000 0.00143
1.00000 0.99994
0.00000 0.00040
1.00000 0.48447
0.00000 0.00000
1.00000 0.99999
1.00000 0.99982
0.00000 0.00028
1.00000 0.71194
1.00000 0.99132
1.00000 0.28148
0.00000 0.06158
1.00000 0.99992
0.00000 0.00027
1.00000 1.00000
1.00000 0.99811
0.00000 0.00013
1.00000 1.00000
1.00000 0.98680
0.00000 0.11858
0.00000 0.00000
0.00000 0.00001
0.00000 0.00674
1.00000 0.08960
1.00000 1.00000
0.00000 0.00044
1.00000 1.00000
1.00000 0.99990
0.00000 0.17634
1.00000 0.71576
1.00000 0.94212
1.00000 0.99973
0.00000 0.00001
0.00000 0.00000
1.00000 1.00000
1.00000 1.00000
1.00000 0.99967
0.00000 0.00129
1.00000 0.99980
0.00000 0.00607
1.00000 1.00000
1.00000 1.00000
0.00000 0.10400
0.00000 0.02118
0.00000 0.00007
1.00000 0.97909
1.00000 0.99986
0.00000 0.01061
1.00000 1.00000
1.00000 0.99999
0.00000 0.00026
0.00000 0.10504
1.00000 1.00000
1.00000 1.00000
1.00000 0.99585
1.00000 0.99941
1.00000 1.00000
1.00000 0.86501
1.00000 0.96944
0.00000 0.30613
1.00000 0.99953
0.00000 0.00109
1.00000 0.99995
0.00000 0.00005
1.00000 1.00000
1.00000 1.00000
0.00000 0.03704
0.00000 0.00000
0.00000 0.00002
1.00000 1.00000
0.00000 0.20847
0.00000 0.44706
0.00000 0.00005
1.00000 0.99994
1.00000 1.00000
0.00000 0.00000
0.00000 0.00183
0.00000 0.01453
1.00000 0.96133
1.00000 0.66665
1.00000 0.99978
1.00000 0.99749
1.00000 0.99963
1.00000 1.00000
0.00000 0.00327
0.00000 0.00000
1.00000 1.00000
1.00000 0.08172
0.00000 0.00000
0.00000 0.00031
1.00000 1.00000
0.00000 0.03079
1.00000 0.22312
0.00000 0.14955
1.00000 0.11855
0.00000 0.01406
1.00000 0.99886
0.00000 0.00002
1.00000 0.99411
1.00000 0.99140
0.00000 0.00317
1.00000 0.99506
1.00000 0.99998
0.00000 0.00832
1.00000 0.93597
0.00000 0.00000
1.00000 0.98310
1.00000 0.81778
0.00000 0.08807
0.00000 0.04222
1.00000 0.82216
1.00000 0.99981
0.00000 0.23351
1.00000 1.00000
0.00000 0.00062
0.00000 0.02953
0.00000 0.31980
1.00000 0.22367
0.00000 0.29960
1.00000 0.86449
1.00000 0.92084
0.00000 0.50868
0.00000 0.00210
1.00000 0.90576
1.00000 0.96980
0.00000 0.46127
1.00000 1.00000
1.00000 0.99931
1.00000 0.98535
0.00000 0.00792
1.00000 0.98505
1.00000 0.85078
0.00000 0.00690
0.00000 0.00114
0.00000 0.00005
0.00000 0.00224
1.00000 0.01408
0.00000 0.00001
0.00000 0.00142
0.00000 0.00002
1.00000 1.00000
1.00000 0.88291
1.00000 0.99998
0.00000 0.15568
1.00000 0.99999
0.00000 0.00052
1.00000 0.99986
1.00000 0.98149
0.00000 0.00002
0.00000 0.00347
1.00000 0.81277
1.00000 0.48201
0.00000 0.00001
0.00000 0.00220
0.00000 0.00002
1.00000 0.99884
0.00000 0.06093
0.00000 0.00084
1.00000 0.99940
1.00000 0.98685
0.00000 0.00000
1.00000 0.00252
0.00000 0.00096
0.00000 0.00000
0.00000 0.33079
1.00000 0.64573
1.00000 0.52023
0.00000 0.01181
0.00000 0.00760
1.00000 1.00000
1.00000 0.99988
0.00000 0.00690
0.00000 0.00000
1.00000 0.92117
0.00000 0.00018
1.00000 1.00000
0.00000 0.00007
0.00000 0.04547
1.00000 1.00000
1.00000 0.99999
1.00000 0.95679
1.00000 1.00000
1.00000 0.99988
1.00000 1.00000
1.00000 0.99989
0.00000 0.08827
1.00000 0.99981
1.00000 0.13964
1.00000 0.46886
0.00000 0.06190
1.00000 0.99904
0.00000 0.00005
0.00000 0.01926
0.00000 0.00267
1.00000 0.98752
1.00000 0.00262
1.00000 1.00000
0.00000 0.05566
0.00000 0.00003
1.00000 0.99383
0.00000 0.87524
1.00000 0.99934
1.00000 1.00000
1.00000 1.00000
0.00000 0.00437
1.00000 0.99996
1.00000 0.99996
0.00000 0.00045
0.00000 0.00001
0.00000 0.04037
1.00000 1.00000
0.00000 0.00000
1.00000 0.99974
0.00000 0.01978
0.00000 0.00816
0.00000 0.00851
1.00000 0.99992
0.00000 0.17899
0.00000 0.10030
0.00000 0.00001
1.00000 0.87164
0.00000 0.00569
1.00000 1.00000
0.00000 0.00005
1.00000 0.99999
1.00000 0.99962
1.00000 0.99985
1.00000 0.99962
0.00000 0.00001
1.00000 0.85363
1.00000 0.99990
1.00000 0.99803
1.00000 1.00000
0.00000 0.00000
1.00000 0.95705
0.00000 0.00052
1.00000 0.99601
1.00000 0.97695
0.00000 0.00036
1.00000 0.17997
1.00000 0.99967
1.00000 0.99688
1.00000 0.06422
0.00000 0.00000
1.00000 1.00000
1.00000 0.98745
0.00000 0.02843
1.00000 0.49108
0.00000 0.00823
0.00000 0.09008
0.00000 0.19135
1.00000 0.99835
0.00000 0.00000
1.00000 0.99997
0.00000 0.52209
1.00000 0.71216
0.00000 0.00000
0.00000 0.00541
1.00000 0.95522
1.00000 0.99992
1.00000 0.94849
0.00000 0.00000
0.00000 0.22289
0.50000 0.80653
0.00000 0.00077
0.00000 0.01093
1.00000 0.99865
0.00000 0.93875
0.00000 0.00000
0.00000 0.00011
1.00000 0.99993
1.00000 0.99902
0.00000 0.81568
1.00000 1.00000
0.00000 0.12898
1.00000 1.00000
1.00000 1.00000
1.00000 0.99999
1.00000 0.96387
1.00000 0.99865
1.00000 0.18593
1.00000 0.99346
0.00000 0.15087
1.00000 0.98101
0.00000 0.00001
1.00000 0.46117
0.00000 0.00024
0.00000 0.00000
0.00000 0.01107
1.00000 0.99495
1.00000 0.99069
0.00000 0.00206
1.00000 0.03622
0.00000 0.00046
0.00000 0.00102
1.00000 0.99818
0.00000 0.00000
0.00000 0.00063
1.00000 1.00000
1.00000 0.99941
1.00000 0.99999
0.00000 0.00007
0.00000 0.00055
0.00000 0.00002
1.00000 0.94010
0.00000 0.00077
0.00000 0.00000
0.00000 0.00002
1.00000 0.99587
1.00000 0.51680
1.00000 1.00000
0.00000 0.00000
0.00000 0.00000
0.00000 0.00031
1.00000 0.99994
1.00000 0.99997
0.00000 0.11305
1.00000 0.99999
1.00000 0.88401
0.00000 0.00026
0.00000 0.00356
1.00000 0.00266
0.00000 0.64546
1.00000 0.99997
0.00000 0.00008
0.00000 0.01071
1.00000 0.99990
0.00000 0.00000
1.00000 0.99176
0.00000 0.00000
1.00000 0.99979
1.00000 0.99990
1.00000 0.81119
0.00000 0.00006
0.00000 0.00336
0.62500 0.62766
1.00000 0.99999
0.00000 0.00015
0.00000 0.00007
1.00000 0.99989
1.00000 1.00000
1.00000 0.99941
0.00000 0.00063
1.00000 0.99966
0.00000 0.00000
1.00000 0.37199
0.00000 0.00019
0.00000 0.01232
1.00000 0.99475
1.00000 0.99996
0.00000 0.00007
0.00000 0.00002
0.00000 0.00000
1.00000 0.99983
0.00000 0.00014
0.00000 0.00032
1.00000 0.43845
1.00000 0.98700
1.00000 0.99714
0.00000 0.00030
0.00000 0.00019
0.00000 0.02038
1.00000 0.99951
0.00000 0.55025
0.00000 0.00161
1.00000 0.00282
0.00000 0.00027
1.00000 0.99999
0.00000 0.00001
0.00000 0.00000
0.00000 0.00068
0.00000 0.00001
0.00000 0.00234
0.00000 0.00005
0.50000 0.65030
1.00000 0.81296
0.00000 0.00000
1.00000 0.99999
1.00000 0.98590
1.00000 0.99976
1.00000 1.00000
1.00000 0.99713
0.00000 0.00160
1.00000 0.99984
1.00000 1.00000
0.00000 0.00004
1.00000 0.99964
1.00000 1.00000
1.00000 0.99938
0.00000 0.00379
1.00000 0.98697
0.00000 0.00161
1.00000 1.00000
0.00000 0.07814
0.00000 0.00000
1.00000 0.97940
0.00000 0.00001
1.00000 0.97930
1.00000 0.99999
1.00000 0.99981
1.00000 0.99864
0.00000 0.00000
0.00000 0.00041
0.00000 0.00000
0.00000 0.87007
0.00000 0.00179
0.00000 0.00017
0.00000 0.00284
1.00000 1.00000
1.00000 0.55298
0.00000 0.00107
1.00000 0.76060
1.00000 0.99513
1.00000 0.99981
0.00000 0.00435
0.00000 0.17313
1.00000 0.99982
1.00000 0.99995
1.00000 0.99939
0.00000 0.00432
0.00000 0.00000
0.00000 0.01036
1.00000 0.99994
1.00000 0.64435
0.00000 0.00050
1.00000 1.00000
0.00000 0.51859
1.00000 1.00000
1.00000 0.99365
1.00000 0.99997
1.00000 0.99844
0.00000 0.07781
0.00000 0.00128
0.00000 0.35727
0.00000 0.02092
1.00000 1.00000
1.00000 0.96797
0.00000 0.00140
1.00000 0.99312
0.00000 0.00072
0.00000 0.00002
1.00000 0.99998
1.00000 0.99621
0.00000 0.02615
1.00000 1.00000
0.00000 0.00409
0.00000 0.00204
1.00000 0.99989
0.66667 0.79894
0.00000 0.00000
1.00000 0.91383
1.00000 0.99793
0.00000 0.01742
1.00000 0.99999
0.00000 0.01090
0.00000 0.00105
1.00000 0.98779
0.00000 0.21363
0.00000 0.17175
0.00000 0.00581
0.00000 0.00013
1.00000 0.99868
0.00000 0.61015
1.00000 1.00000
0.00000 0.00000
1.00000 1.00000
0.00000 0.00067
1.00000 0.98549
1.00000 0.73607
1.00000 1.00000
0.00000 0.40494
0.00000 0.00000
0.00000 0.05000
1.00000 0.75398
1.00000 0.83447
1.00000 0.81331
1.00000 0.99990
1.00000 0.92590
1.00000 1.00000
0.00000 0.00000
0.00000 0.47048
1.00000 0.99073
0.00000 0.00295
1.00000 0.99899
1.00000 0.98197
0.00000 0.00154
0.00000 0.00002
0.00000 0.05369
0.00000 0.00073
1.00000 1.00000
0.00000 0.26757
1.00000 0.99990
0.00000 0.00135
0.00000 0.02328
0.00000 0.34743
0.00000 0.00004
0.00000 0.00000
0.00000 0.00006
1.00000 0.99898
1.00000 0.00070
1.00000 0.99207
1.00000 1.00000
0.00000 0.00001
1.00000 0.56067
0.00000 0.04593
0.00000 0.47135
1.00000 0.99990
0.00000 0.00102
1.00000 0.99993
1.00000 0.99824
0.00000 0.00000
0.00000 0.00023
0.50000 0.04831
0.00000 0.05258
1.00000 0.99821
0.00000 0.00000
0.00000 0.00003
1.00000 0.99783
1.00000 0.99097
0.00000 0.00001
1.00000 0.99006
0.00000 0.07616
1.00000 1.00000
1.00000 0.99997
1.00000 0.99997
1.00000 0.97684
1.00000 0.99094
1.00000 0.99469
0.00000 0.00000
0.00000 0.00083
0.00000 0.00286
0.00000 0.00198
0.00000 0.30801
1.00000 0.98527
1.00000 0.99911
0.00000 0.00273
0.00000 0.39571
1.00000 0.90370
1.00000 0.99763
1.00000 0.99970
1.00000 1.00000
1.00000 0.99962
1.00000 0.99997
0.00000 0.00011
1.00000 0.99903
1.00000 0.99995
0.00000 0.00343
0.00000 0.09582
1.00000 0.01260
1.00000 0.99664
0.00000 0.01684
0.00000 0.01614
1.00000 1.00000
1.00000 0.93231
1.00000 0.99686
1.00000 0.99999
0.00000 0.00010
0.00000 0.00104
0.33333 0.07443
1.00000 0.81312
0.00000 0.00000
0.00000 0.00000
1.00000 0.99994
0.00000 0.00261
1.00000 0.99946
0.00000 0.00718
1.00000 0.31340
1.00000 1.00000
1.00000 0.98276
1.00000 0.81074
0.00000 0.00049
0.00000 0.00001
1.00000 1.00000
0.00000 0.04345
0.00000 0.13461
1.00000 0.99126
1.00000 0.91405
1.00000 0.99966
1.00000 0.95788
1.00000 1.00000
0.00000 0.00022
1.00000 0.93748
0.00000 0.00327
0.00000 0.00017
0.50000 0.15595
0.00000 0.00003
1.00000 1.00000
0.00000 0.29488
0.00000 0.00000
1.00000 0.99983
1.00000 1.00000
0.00000 0.09848
0.00000 0.00000
1.00000 0.99415
1.00000 1.00000
0.00000 0.04011
0.00000 0.00032
0.00000 0.00744
0.00000 0.00420
0.00000 0.00044
0.00000 0.00347
0.00000 0.00111
1.00000 1.00000
1.00000 1.00000
0.00000 0.00011
1.00000 0.99501
1.00000 0.99979
0.00000 0.00001
1.00000 0.99569
1.00000 1.00000
1.00000 0.99807
1.00000 0.01818
1.00000 1.00000
0.00000 0.02581
1.00000 0.99977
0.00000 0.00009
1.00000 1.00000
0.00000 0.00244
1.00000 0.99998
1.00000 0.97662
1.00000 0.99149
0.00000 0.05886
0.00000 0.00048
0.00000 0.00026
0.00000 0.57886
1.00000 0.99773
1.00000 0.04958
1.00000 0.99870
1.00000 0.99998
0.00000 0.02856
0.00000 0.00000
0.00000 0.00029
0.00000 0.00000
1.00000 1.00000
1.00000 0.99999
1.00000 0.97489
0.00000 0.00802
0.00000 0.00008
0.00000 0.00032
1.00000 0.99929
0.00000 0.01445
1.00000 0.08046
1.00000 1.00000
1.00000 0.99989
0.00000 0.00012
1.00000 0.82084
1.00000 0.98734
1.00000 0.99933
0.00000 0.02150
1.00000 0.99966
1.00000 0.99957
0.00000 0.00010
1.00000 0.99999
1.00000 0.99977
0.00000 0.00000
1.00000 0.66451
1.00000 0.97789
1.00000 0.99999
1.00000 0.61328
0.00000 0.01158
0.00000 0.00002
1.00000 1.00000
0.00000 0.00082
1.00000 0.99132
1.00000 0.86658
0.00000 0.00022
0.00000 0.45015
1.00000 0.99937
0.00000 0.00001
0.00000 0.00343
0.00000 0.03521
0.00000 0.06055
1.00000 0.31335
1.00000 0.99967
1.00000 0.99979
0.00000 0.01485
0.00000 0.00001
1.00000 1.00000
1.00000 0.98383
1.00000 0.99946
1.00000 1.00000
1.00000 1.00000
0.00000 0.07280
1.00000 0.99408
0.00000 0.00048
1.00000 1.00000
1.00000 0.99984
0.00000 0.00402
0.00000 0.00000
1.00000 0.99997
1.00000 0.99930
1.00000 0.99265
0.00000 0.00004
0.00000 0.10871
0.00000 0.00019
0.00000 0.00086
1.00000 0.37356
1.00000 1.00000
0.00000 0.00000
0.00000 0.00023
1.00000 0.99990
0.00000 0.88631
1.00000 0.96462
1.00000 0.95417
0.00000 0.00025
0.75000 0.60816
1.00000 0.99485
1.00000 0.90866
0.00000 0.00074
1.00000 0.93775
0.00000 0.00004
0.00000 0.42856
0.00000 0.11595
1.00000 0.89087
0.00000 0.00603
0.00000 0.00004
1.00000 0.92402
0.00000 0.00001
1.00000 0.99986
0.00000 0.00002
0.00000 0.00004
0.00000 0.04592
0.00000 0.00256
1.00000 0.98792
0.00000 0.00000
0.00000 0.00001
0.00000 0.00000
1.00000 0.02491
1.00000 0.95923
0.00000 0.51970
0.00000 0.04406
0.00000 0.03601
0.00000 0.00001
0.00000 0.00033
1.00000 0.99933
1.00000 1.00000
1.00000 0.98502
1.00000 0.99918
0.00000 0.00000
0.00000 0.15229
1.00000 0.97344
1.00000 0.99981
0.00000 0.03684
0.00000 0.03206
0.00000 0.00004
0.00000 0.00001
0.00000 0.01840
0.00000 0.00095
1.00000 0.57491
1.00000 0.99545
1.00000 0.99999
0.00000 0.02431
1.00000 0.96789
0.00000 0.00000
1.00000 0.99987
0.00000 0.00000
1.00000 1.00000
1.00000 0.50134
0.00000 0.00000
1.00000 0.54594
0.00000 0.01138
1.00000 0.99946
0.00000 0.00000
1.00000 1.00000
0.00000 0.00001
1.00000 0.99960
0.00000 0.00048
0.00000 0.00085
1.00000 0.98885
0.00000 0.00034
0.00000 0.09579
0.00000 0.00010
0.00000 0.00766
0.00000 0.00080
0.00000 0.00000
1.00000 1.00000
1.00000 1.00000
0.00000 0.00000
0.00000 0.04474
1.00000 0.99999
1.00000 1.00000
1.00000 0.98806
1.00000 0.99863
0.00000 0.00011
0.00000 0.00001
1.00000 0.99880
0.00000 0.00293
0.00000 0.00013
1.00000 0.99992
1.00000 0.99503
1.00000 0.99977
1.00000 1.00000
1.00000 0.99999
0.00000 0.00003
1.00000 0.92030
0.00000 0.00006
1.00000 0.99932
0.00000 0.01563
1.00000 1.00000
1.00000 0.99965
0.00000 0.00125
0.00000 0.86553
0.00000 0.00001
0.00000 0.00021
0.00000 0.00000
1.00000 0.99999
0.00000 0.00063
1.00000 0.33421
0.00000 0.00003
0.00000 0.00434
1.00000 1.00000
0.00000 0.02661
1.00000 1.00000
0.00000 0.00003
0.00000 0.00399
1.00000 0.98107
1.00000 1.00000
1.00000 0.47061
1.00000 0.75049
0.00000 0.00007
0.00000 0.11108
0.00000 0.13335
0.00000 0.00004
0.00000 0.35875
0.00000 0.00000
0.00000 0.00006
1.00000 1.00000
0.00000 0.00001
0.00000 0.00002
1.00000 0.99604
1.00000 0.99999
1.00000 0.99993
1.00000 1.00000
0.00000 0.50399
0.00000 0.27334
0.00000 0.00011
1.00000 0.98422
0.00000 0.06670
0.00000 0.00178
0.00000 0.46759
0.00000 0.00000
0.00000 0.00020
0.00000 0.00725
0.00000 0.00114
1.00000 0.83729
0.00000 0.08889
0.00000 0.02355
0.00000 0.00131
1.00000 0.99683
0.00000 0.19228
0.00000 0.00005
1.00000 0.98425
1.00000 0.99974
1.00000 0.99999
1.00000 0.99855
1.00000 0.99992
1.00000 0.99797
0.00000 0.05995
0.00000 0.00376
1.00000 0.97880
1.00000 0.99995
0.00000 0.00033
1.00000 0.99896
0.00000 0.01222
0.00000 0.00104
0.00000 0.00009
1.00000 0.99985
1.00000 0.99998
1.00000 0.99694
0.00000 0.00216
0.00000 0.14403
1.00000 0.99621
0.00000 0.03402
0.00000 0.00411
0.00000 0.00328
0.00000 0.00000
1.00000 0.99959
0.00000 0.05375
0.00000 0.63426
0.00000 0.00559
1.00000 1.00000
0.00000 0.00000
0.00000 0.00000
0.00000 0.42525
1.00000 0.99822
0.00000 0.00546
1.00000 0.61657
1.00000 0.99937
0.00000 0.00471
1.00000 0.96664
0.50000 0.07100
1.00000 0.99359
1.00000 0.99137
1.00000 0.99997
1.00000 0.48115
1.00000 0.98246
1.00000 0.99933
1.00000 0.99210
1.00000 1.00000
1.00000 0.68320
0.00000 0.00307
0.00000 0.00000
0.00000 0.00038
0.00000 0.00026
1.00000 1.00000
0.00000 0.01146
0.00000 0.00004
1.00000 1.00000
1.00000 0.47025
0.00000 0.00002
0.00000 0.00163
0.00000 0.00000
0.00000 0.00000
0.00000 0.00378
0.00000 0.00123
1.00000 0.78499
1.00000 0.99999
0.00000 0.54375
1.00000 0.17454
0.00000 0.00202
1.00000 0.99663
0.00000 0.13479
0.00000 0.00000
1.00000 0.99185
1.00000 1.00000
0.00000 0.28892
1.00000 0.04167
0.00000 0.00001
0.00000 0.00000
1.00000 0.99697
0.00000 0.00003
0.00000 0.00001
1.00000 0.99999
0.00000 0.00480
0.00000 0.01490
1.00000 1.00000
1.00000 0.82465
1.00000 1.00000
1.00000 1.00000
1.00000 0.99995
0.00000 0.02854
0.00000 0.00000
0.00000 0.00077
0.00000 0.00000
1.00000 0.99358
1.00000 0.99999
0.00000 0.10539
1.00000 0.94480
0.00000 0.00181
1.00000 0.99981
1.00000 0.99999
0.00000 0.00055
1.00000 0.99993
1.00000 0.67913
1.00000 1.00000
1.00000 0.99694
1.00000 1.00000
1.00000 0.18822
1.00000 0.99984
0.00000 0.06433
0.00000 0.00000
0.00000 0.00000
0.00000 0.50640
1.00000 0.99222
0.00000 0.01270
0.00000 0.00015
0.00000 0.00001
0.00000 0.09272
0.00000 0.00073
0.00000 0.01619
1.00000 0.99979
0.00000 0.00003
0.00000 0.24894
0.00000 0.00001
1.00000 0.99878
1.00000 0.99898
0.00000 0.00044
0.00000 0.54117
1.00000 0.83399
0.00000 0.00174
0.00000 0.00171
1.00000 0.78382
1.00000 0.94181
0.00000 0.05815
1.00000 0.99999
0.00000 0.00698
1.00000 1.00000
0.00000 0.06565
1.00000 0.70230
0.00000 0.00005
1.00000 0.99648
0.00000 0.00000
1.00000 0.99973
0.00000 0.00211
0.00000 0.00524
0.00000 0.00061
0.00000 0.02352
0.00000 0.01152
0.00000 0.00001
1.00000 0.44149
0.00000 0.07239
1.00000 1.00000
0.00000 0.02267
0.00000 0.41528
1.00000 0.00345
1.00000 0.99995
1.00000 1.00000
1.00000 0.99955
1.00000 0.40329
0.00000 0.00070
1.00000 0.99992
1.00000 0.99814
0.00000 0.00084
1.00000 1.00000
0.00000 0.00000
1.00000 0.99984
1.00000 0.92658
1.00000 0.99200
0.00000 0.00003
0.00000 0.01044
1.00000 1.00000
0.00000 0.00000
1.00000 0.99958
0.00000 0.00003
0.00000 0.00488
0.00000 0.00452
0.00000 0.00000
0.00000 0.00047
1.00000 1.00000
1.00000 0.38613
1.00000 1.00000
1.00000 1.00000
0.00000 0.00000
0.00000 0.00080
0.00000 0.00800
0.00000 0.51896
0.00000 0.00000
0.00000 0.00001
0.00000 0.04634
1.00000 0.99998
1.00000 0.99613
0.00000 0.00003
1.00000 0.97603
0.00000 0.96041
0.00000 0.02340
1.00000 0.99808
1.00000 0.98095
0.00000 0.00012
0.00000 0.00000
0.00000 0.00026
1.00000 1.00000
0.00000 0.00041
1.00000 0.85879
1.00000 0.99750
1.00000 0.08455
0.00000 0.00000
1.00000 0.42839
1.00000 0.99857
1.00000 0.99975
1.00000 0.97968
1.00000 0.90496
0.00000 0.77015
0.00000 0.00000
0.00000 0.00010
0.00000 0.00073
1.00000 0.99853
1.00000 0.99999
1.00000 0.99984
0.00000 0.01634
1.00000 0.99993
0.00000 0.00003
1.00000 1.00000
1.00000 0.21752
1.00000 1.00000
1.00000 0.99995
0.00000 0.13545
1.00000 0.99325
0.00000 0.00000
1.00000 0.99994
1.00000 0.99997
0.00000 0.00030
1.00000 0.33259
0.00000 0.00000
1.00000 1.00000
1.00000 0.99949
0.00000 0.00034
0.00000 0.00380
0.00000 0.44812
0.00000 0.00052
1.00000 1.00000
0.00000 0.06948
0.00000 0.27910
1.00000 0.99969
0.00000 0.00020
1.00000 1.00000
1.00000 0.99971
0.00000 0.00002
1.00000 0.37662
0.00000 0.04253
0.00000 0.00155
0.33333 0.35784
0.00000 0.00287
0.00000 0.00198
0.00000 0.00001
0.00000 0.00563
0.00000 0.00015
0.00000 0.00000
1.00000 0.75004
1.00000 1.00000
1.00000 1.00000
0.00000 0.00039
1.00000 0.99997
0.00000 0.00000
0.00000 0.00000
1.00000 0.99988
1.00000 0.99999
1.00000 0.21812
0.00000 0.00000
1.00000 1.00000
0.00000 0.00050
1.00000 0.99211
0.00000 0.00011
0.00000 0.00001
1.00000 0.34145
1.00000 0.98594
1.00000 1.00000
0.00000 0.09252
1.00000 0.99939
0.00000 0.00032
1.00000 0.99994
0.00000 0.00000
1.00000 0.99391
0.00000 0.00001
0.00000 0.00112
0.00000 0.00000
1.00000 0.99996
0.00000 0.00000
0.00000 0.00027
0.00000 0.02462
1.00000 1.00000
0.00000 0.00000
1.00000 0.96147
0.00000 0.00001
0.00000 0.00022
1.00000 0.99610
1.00000 1.00000
0.00000 0.36526
0.00000 0.09113
1.00000 0.34954
1.00000 0.99997
0.00000 0.06660
0.00000 0.97488
0.00000 0.10361
1.00000 0.99336
1.00000 0.99947
1.00000 1.00000
1.00000 0.99996
1.00000 0.99985
1.00000 0.99858
1.00000 0.99988
1.00000 0.99961
1.00000 1.00000
1.00000 0.99983
1.00000 0.99632
0.00000 0.02309
0.00000 0.00440
1.00000 1.00000
1.00000 0.99993
0.00000 0.14083
1.00000 0.99971
1.00000 1.00000
1.00000 0.80242
1.00000 1.00000
1.00000 0.99999
1.00000 0.99999
1.00000 0.99973
0.00000 0.01648
1.00000 0.99948
1.00000 0.97947
1.00000 1.00000
1.00000 0.99511
0.00000 0.00964
1.00000 0.99896
1.00000 0.98993
1.00000 0.98355
1.00000 0.92333
0.00000 0.31936
0.00000 0.03154
0.00000 0.14582
1.00000 0.99944
1.00000 0.28894
0.00000 0.00005
0.00000 0.00002
1.00000 0.99963
1.00000 1.00000
1.00000 0.59619
1.00000 0.99972
0.00000 0.00030
0.00000 0.00024
1.00000 0.99926
1.00000 0.73662
0.00000 0.00000
1.00000 1.00000
0.00000 0.05189
0.00000 0.00099
0.00000 0.00004
1.00000 0.98601
0.00000 0.00791
1.00000 0.99991
0.00000 0.00001
0.00000 0.00000
1.00000 0.98857
1.00000 0.91770
0.00000 0.11674
0.00000 0.00040
0.00000 0.03569
0.50000 0.41072
1.00000 0.99986
0.00000 0.00663
1.00000 0.99589
1.00000 0.97860
1.00000 0.94576
0.00000 0.00000
0.00000 0.07491
1.00000 1.00000
1.00000 1.00000
0.00000 0.01073
1.00000 0.99987
0.00000 0.00238
1.00000 0.99752
0.00000 0.00988
0.00000 0.00545
1.00000 0.99925
1.00000 0.49517
0.00000 0.00103
0.00000 0.00035
0.00000 0.00002
0.00000 0.00540
0.00000 0.00031
0.00000 0.00023
1.00000 0.71512
0.00000 0.00000
0.00000 0.31875
0.00000 0.00017
0.00000 0.00701
0.00000 0.00008
1.00000 1.00000
1.00000 1.00000
1.00000 0.35516
0.00000 0.11972
1.00000 0.99999
1.00000 0.94288
1.00000 1.00000
0.00000 0.00031
1.00000 1.00000
0.00000 0.00001
0.00000 0.00064
0.00000 0.00018
1.00000 0.99998
0.00000 0.00004
0.00000 0.00053
0.00000 0.00017
1.00000 0.99916
0.00000 0.31863
1.00000 0.70492
0.00000 0.00112
0.00000 0.06959
1.00000 0.99958
0.00000 0.00044
1.00000 1.00000
0.33333 0.69683
0.00000 0.00000
0.00000 0.00002
0.00000 0.01545
1.00000 0.99999
0.00000 0.00002
1.00000 0.99764
0.00000 0.00042
0.00000 0.00010
1.00000 0.99902
0.00000 0.01321
0.00000 0.44923
0.00000 0.00002
1.00000 0.99975
1.00000 1.00000
0.00000 0.00022
0.00000 0.00012
0.00000 0.00998
1.00000 1.00000
0.00000 0.00893
1.00000 0.99988
0.00000 0.00002
1.00000 0.98167
0.00000 0.19875
1.00000 0.99603
0.00000 0.28531
1.00000 0.43610
1.00000 0.99985
0.00000 0.00000
0.00000 0.17957
0.00000 0.95124
1.00000 0.99982
0.00000 0.21271
0.00000 0.00000
0.00000 0.00000
1.00000 0.99387
1.00000 0.99996
1.00000 1.00000
0.00000 0.00022
0.00000 0.03260
0.00000 0.00708
0.00000 0.00121
1.00000 0.99967
0.00000 0.09468
0.00000 0.00000
1.00000 0.99998
1.00000 0.87680
0.00000 0.00000
1.00000 1.00000
0.00000 0.00736
1.00000 1.00000
0.00000 0.00001
1.00000 0.99973
1.00000 0.99997
0.00000 0.00160
0.00000 0.45962
0.00000 0.01041
0.00000 0.00000
1.00000 0.98862
0.00000 0.00084
0.00000 0.01326
1.00000 0.99971
1.00000 1.00000
1.00000 0.99988
1.00000 0.99998
1.00000 1.00000
1.00000 0.99974
1.00000 1.00000
0.00000 0.00026
1.00000 1.00000
1.00000 0.99996
1.00000 0.99999
0.50000 0.16251
0.00000 0.00216
1.00000 0.99883
0.00000 0.00009
1.00000 0.99920
0.00000 0.12393
0.00000 0.00464
0.00000 0.01809
0.00000 0.00035
1.00000 1.00000
1.00000 1.00000
1.00000 0.17904
1.00000 0.87156
0.00000 0.00001
0.00000 0.00246
0.00000 0.00008
0.00000 0.00000
0.00000 0.04777
0.00000 0.00001
1.00000 0.99995
0.00000 0.00000
1.00000 1.00000
1.00000 0.99997
0.00000 0.09281
0.00000 0.19762
0.00000 0.20263
0.00000 0.00042
1.00000 0.98280
0.00000 0.04613
0.00000 0.01295
1.00000 0.94887
0.00000 0.00745
1.00000 0.99722
1.00000 0.66918
0.00000 0.04534
0.00000 0.00005
1.00000 1.00000
1.00000 0.99980
1.00000 0.85155
1.00000 0.98789
0.00000 0.00001
0.00000 0.00000
0.00000 0.00592
0.00000 0.18063
1.00000 0.95120
0.00000 0.00438
0.00000 0.00003
0.00000 0.05581
1.00000 1.00000
1.00000 0.99996
0.00000 0.00001
0.00000 0.02091
0.00000 0.00000
1.00000 0.99994
0.00000 0.21295
0.00000 0.00034
0.50000 0.52675
0.00000 0.94842
0.00000 0.00032
0.00000 0.03902
1.00000 0.99817
0.00000 0.00005
0.00000 0.00000
0.00000 0.49019
0.00000 0.72575
0.00000 0.00871
1.00000 0.43282
0.00000 0.00291
0.00000 0.00101
1.00000 0.93954
1.00000 0.99922
1.00000 0.99602
0.00000 0.00012
0.00000 0.00131
1.00000 0.99992
0.00000 0.00031
1.00000 0.99985
1.00000 1.00000
0.00000 0.73170
0.00000 0.22063
1.00000 0.99110
0.00000 0.12748
1.00000 0.34923
1.00000 1.00000
1.00000 0.99948
0.00000 0.00002
0.00000 0.00800
0.00000 0.20294
0.00000 0.00046
1.00000 0.05011
1.00000 0.99926
1.00000 0.89713
1.00000 0.90832
1.00000 0.99938
1.00000 0.99890
0.00000 0.00004
1.00000 0.99999
0.00000 0.00015
0.00000 0.00340
0.50000 0.56467
0.00000 0.02084
1.00000 0.07087
1.00000 0.98024
0.00000 0.00017
0.00000 0.03280
0.00000 0.00024
1.00000 0.99984
1.00000 0.99999
1.00000 0.99208
0.00000 0.06619
0.00000 0.29024
1.00000 1.00000
1.00000 0.99987
0.00000 0.01343
1.00000 1.00000
0.00000 0.00000
0.00000 0.00161
0.00000 0.00000
0.00000 0.00458
1.00000 1.00000
0.00000 0.00072
1.00000 1.00000
0.00000 0.00272
1.00000 0.99998
0.00000 0.00078
1.00000 0.78690
0.00000 0.00781
1.00000 0.99990
0.00000 0.74398
0.00000 0.00000
1.00000 1.00000
1.00000 0.86165
1.00000 0.99999
0.00000 0.00143
1.00000 0.99780
0.00000 0.00836
0.00000 0.61709
1.00000 0.99997
1.00000 0.99961
1.00000 0.99784
0.00000 0.02190
1.00000 0.86864
0.00000 0.00000
1.00000 0.99938
0.00000 0.00002
0.00000 0.00000
0.00000 0.00219
1.00000 0.99855
0.00000 0.02347
1.00000 0.99980
1.00000 0.47419
0.00000 0.00002
0.00000 0.00001
1.00000 1.00000
0.00000 0.34418
1.00000 0.99942
1.00000 0.99998
1.00000 0.99998
0.00000 0.01001
0.00000 0.02098
1.00000 0.99999
1.00000 0.99960
1.00000 0.99939
1.00000 1.00000
1.00000 0.99999
0.00000 0.01689
0.00000 0.00107
0.00000 0.79314
0.00000 0.07082
1.00000 1.00000
1.00000 1.00000
0.00000 0.02152
0.00000 0.00140
1.00000 0.80900
1.00000 0.99964
0.00000 0.00096
1.00000 0.99997
1.00000 0.99788
1.00000 0.89017
0.00000 0.01673
0.00000 0.00000
1.00000 0.98048
0.00000 0.00096
0.00000 0.00000
0.00000 0.00035
1.00000 0.98988
0.00000 0.04330
1.00000 0.99959
1.00000 0.99906
1.00000 0.95161
0.00000 0.01664
0.00000 0.00001
1.00000 0.99015
0.00000 0.00016
1.00000 0.99999
1.00000 1.00000
0.00000 0.00385
0.00000 0.00000
1.00000 0.99958
0.00000 0.00537
1.00000 1.00000
0.00000 0.00003
1.00000 0.99856
1.00000 1.00000
1.00000 0.99609
1.00000 0.84617
1.00000 0.36888
1.00000 0.99915
0.00000 0.00000
1.00000 0.99997
1.00000 0.99615
0.00000 0.00227
0.00000 0.00020
1.00000 0.99942
1.00000 0.99985
0.00000 0.00097
1.00000 0.99262
1.00000 0.42507
0.00000 0.00030
0.00000 0.01124
0.00000 0.00000
1.00000 0.99999
1.00000 0.99052
0.00000 0.04604
0.00000 0.00000
0.00000 0.00566
0.00000 0.00000
0.00000 0.00005
1.00000 0.99990
0.00000 0.09129
1.00000 0.92506
0.00000 0.00001
1.00000 0.77810
1.00000 0.99985
0.00000 0.42232
1.00000 0.99929
1.00000 0.99584
0.00000 0.06508
0.00000 0.00759
0.00000 0.00000
0.00000 0.31620
0.00000 0.00000
0.00000 0.01097
1.00000 0.99999
1.00000 1.00000
0.50000 0.21103
1.00000 1.00000
0.00000 0.00010
0.00000 0.01269
0.00000 0.00063
1.00000 0.99999
0.00000 0.00122
0.00000 0.00183
0.00000 0.00025
0.00000 0.00004
1.00000 0.99184
0.00000 0.10137
1.00000 0.92316
0.00000 0.44783
0.00000 0.02507
1.00000 0.51739
0.00000 0.00007
0.00000 0.00200
0.50000 0.33362
0.00000 0.39164
0.00000 0.60574
0.00000 0.00457
0.00000 0.03651
0.00000 0.00022
0.00000 0.19212
0.00000 0.00018
0.00000 0.00007
0.00000 0.00246
1.00000 1.00000
0.00000 0.09579
1.00000 0.88320
0.00000 0.00000
0.00000 0.00000
1.00000 1.00000
0.00000 0.02859
0.00000 0.00132
0.00000 0.00033
0.00000 0.01426
0.00000 0.00001
0.00000 0.34595
1.00000 0.82131
1.00000 0.91219
0.00000 0.00000
0.00000 0.28861
0.00000 0.20236
1.00000 0.97971
0.00000 0.00022
1.00000 0.99997
0.00000 0.00005
0.00000 0.07024
0.00000 0.00002
0.00000 0.00005
1.00000 0.45240
1.00000 0.99984
0.00000 0.00007
0.00000 0.00004
1.00000 0.99903
0.00000 0.35511
0.00000 0.75559
1.00000 0.99618
1.00000 0.98513
0.00000 0.09728
0.00000 0.00005
0.00000 0.60481
0.00000 0.00013
1.00000 0.99994
1.00000 0.99993
1.00000 0.99934
1.00000 0.99999
1.00000 0.99915
0.00000 0.03100
1.00000 1.00000
0.00000 0.09612
1.00000 0.99999
0.00000 0.00105
1.00000 0.98703
0.00000 0.00005
0.00000 0.00000
0.00000 0.02663
1.00000 0.99823
1.00000 0.99938
0.00000 0.00214
0.00000 0.00000
0.00000 0.00053
1.00000 0.99999
1.00000 0.99998
1.00000 0.88493
0.29412 0.51251
1.00000 1.00000
1.00000 0.99847
0.00000 0.00089
0.00000 0.01378
1.00000 1.00000
0.00000 0.00636
0.00000 0.00683
0.00000 0.00000
1.00000 0.99998
1.00000 0.99963
1.00000 0.23271
0.00000 0.00001
1.00000 0.66464
1.00000 0.99948
0.00000 0.00004
0.00000 0.00000
0.00000 0.11199
1.00000 0.99949
1.00000 0.99992
1.00000 0.99997
1.00000 0.97203
0.00000 0.00039
0.00000 0.00155
0.00000 0.00000
0.00000 0.00100
0.00000 0.00000
1.00000 0.99959
1.00000 0.99990
0.00000 0.00023
0.00000 0.00577
1.00000 0.99999
0.00000 0.00000
0.00000 0.00006
0.00000 0.00354
0.00000 0.00006
0.00000 0.26994
0.00000 0.00087
1.00000 0.99734
0.00000 0.00034
1.00000 1.00000
0.00000 0.00235
1.00000 0.99965
0.00000 0.01484
1.00000 0.99997
1.00000 0.97571
1.00000 0.99902
0.00000 0.00959
0.00000 0.00933
1.00000 0.99901
0.00000 0.00037
1.00000 0.95424
0.00000 0.02713
0.00000 0.00002
0.00000 0.00280
0.00000 0.00020
0.00000 0.54106
0.00000 0.14245
1.00000 0.99954
1.00000 0.99994
0.00000 0.00782
1.00000 1.00000
1.00000 1.00000
0.00000 0.68970
1.00000 0.64434
1.00000 0.99992
1.00000 0.76939
1.00000 0.99986
1.00000 0.99954
0.00000 0.00001
0.00000 0.28228
0.00000 0.73564
1.00000 0.99999
0.00000 0.07773
0.00000 0.00005
1.00000 0.99969
1.00000 0.99995
1.00000 0.99999
1.00000 1.00000
0.00000 0.00007
0.00000 0.16939
1.00000 0.98402
1.00000 0.93801
0.00000 0.01350
1.00000 0.87056
1.00000 0.99808
1.00000 0.95577
1.00000 0.99625
1.00000 0.99999
0.00000 0.02310
0.00000 0.00001
0.00000 0.00082
0.00000 0.00328
0.00000 0.39158
0.00000 0.00019
0.00000 0.00001
1.00000 0.99432
0.00000 0.00024
1.00000 0.99811
1.00000 1.00000
1.00000 0.99999
1.00000 0.99990
1.00000 0.98662
0.00000 0.00046
0.00000 0.00199
1.00000 0.99999
0.00000 0.00005
0.00000 0.13615
0.00000 0.00000
1.00000 0.13682
1.00000 0.01947
0.00000 0.00001
1.00000 0.99993
1.00000 0.99999
0.00000 0.00326
0.00000 0.00114
1.00000 0.80802
1.00000 0.99999
1.00000 0.11073
0.00000 0.00334
1.00000 0.98705
1.00000 0.99912
0.00000 0.52955
1.00000 1.00000
0.00000 0.00037
0.00000 0.00300
0.00000 0.00030
0.00000 0.00040
0.00000 0.03468
1.00000 0.99845
1.00000 0.99933
1.00000 0.99934
1.00000 1.00000
0.00000 0.01337
0.00000 0.00000
0.00000 0.00000
0.00000 0.56808
0.00000 0.00011
1.00000 0.98315
0.00000 0.00128
1.00000 0.99973
1.00000 0.99582
0.00000 0.00160
1.00000 0.99897
1.00000 0.99990
1.00000 0.99989
0.00000 0.00070
0.00000 0.00000
0.00000 0.00160
0.00000 0.00000
0.00000 0.14052
0.00000 0.00248
0.00000 0.05033
1.00000 0.99379
1.00000 1.00000
0.00000 0.00007
0.00000 0.00001
0.00000 0.00000
0.00000 0.00000
1.00000 0.99999
0.00000 0.08944
1.00000 0.50282
1.00000 0.98858
0.00000 0.00000
1.00000 0.90278
1.00000 0.77132
1.00000 1.00000
1.00000 0.99854
1.00000 0.98119
0.00000 0.14121
0.00000 0.01440
0.00000 0.00000
0.00000 0.03683
0.00000 0.00015
1.00000 0.98821
1.00000 0.98828
0.00000 0.00000
1.00000 0.94276
0.00000 0.05508
1.00000 0.05205
1.00000 1.00000
0.00000 0.00017
0.00000 0.00187
1.00000 0.99996
0.00000 0.00107
1.00000 0.99200
1.00000 0.78289
0.00000 0.00031
1.00000 0.48913
0.00000 0.00001
0.00000 0.05802
1.00000 0.99978
1.00000 0.99991
0.00000 0.00274
0.00000 0.00867
0.00000 0.06292
1.00000 0.99893
1.00000 0.93049
0.00000 0.01459
1.00000 0.99998
1.00000 0.99747
0.00000 0.00000
0.00000 0.00441
0.00000 0.00325
1.00000 0.99974
0.00000 0.30587
0.00000 0.00037
0.00000 0.02076
1.00000 0.99961
0.00000 0.00000
1.00000 0.97045
1.00000 0.17315
1.00000 0.99998
0.00000 0.00011
1.00000 0.99986
1.00000 0.96551
0.00000 0.00245
0.00000 0.01334
1.00000 1.00000
0.00000 0.15835
0.00000 0.00023
0.00000 0.48737
1.00000 0.38413
0.00000 0.00532
1.00000 1.00000
0.00000 0.09723
0.00000 0.00815
0.14286 0.19332
1.00000 0.99972
1.00000 0.99903
1.00000 0.99998
1.00000 0.98988
0.00000 0.00099
0.00000 0.00000
1.00000 0.99667
0.00000 0.01158
1.00000 0.99999
0.00000 0.00003
0.00000 0.00000
0.00000 0.00006
0.00000 0.00058
0.00000 0.02958
0.00000 0.05010
1.00000 0.99992
0.00000 0.00002
0.00000 0.00000
0.00000 0.02635
0.00000 0.01159
0.00000 0.00000
0.00000 0.07068
1.00000 1.00000
1.00000 0.67411
0.00000 0.08093
1.00000 0.99871
0.00000 0.00006
1.00000 0.99921
0.00000 0.21198
1.00000 0.89298
0.00000 0.00000
1.00000 0.99960
0.00000 0.00000
1.00000 0.98673
1.00000 1.00000
1.00000 0.97135
0.00000 0.00765
1.00000 0.99998
0.00000 0.00083
0.00000 0.00000
1.00000 0.99674
1.00000 0.59592
1.00000 0.28055
0.00000 0.00051
0.00000 0.00000
0.28571 0.49036
0.00000 0.91655
1.00000 1.00000
1.00000 0.99133
1.00000 0.99506
1.00000 0.67621
0.00000 0.29468
1.00000 0.99999
0.00000 0.00113
0.00000 0.99575
0.00000 0.00617
0.00000 0.02152
1.00000 1.00000
0.00000 0.00993
0.00000 0.38827
1.00000 0.99442
1.00000 0.81218
0.00000 0.00000
1.00000 0.99999
1.00000 0.95501
0.00000 0.00003
0.00000 0.00000
1.00000 0.97876
0.00000 0.21143
0.00000 0.96311
1.00000 1.00000
0.00000 0.00198
1.00000 0.97606
1.00000 0.97194
1.00000 0.99994
0.00000 0.00037
1.00000 0.99998
0.59375 0.47753
0.25000 0.38024
1.00000 0.99781
0.00000 0.00000
0.00000 0.00529
0.00000 0.00946
0.00000 0.01459
0.00000 0.00714
0.00000 0.00002
1.00000 0.97439
1.00000 0.99906
1.00000 0.99989
1.00000 0.99969
0.00000 0.00794
1.00000 0.99969
0.00000 0.00004
0.00000 0.26856
0.00000 0.00022
1.00000 0.99970
0.00000 0.00000
0.00000 0.00563
1.00000 1.00000
0.00000 0.06872
0.00000 0.00005
0.00000 0.00000
0.00000 0.00116
1.00000 0.99978
0.00000 0.00098
1.00000 1.00000
1.00000 0.99998
1.00000 0.19085
1.00000 0.99999
1.00000 1.00000
0.00000 0.00855
0.00000 0.00000
1.00000 0.99996
0.00000 0.22798
0.00000 0.31728
1.00000 0.94179
0.00000 0.00000
1.00000 0.90427
1.00000 0.94462
1.00000 0.99793
1.00000 0.98631
0.00000 0.04073
1.00000 1.00000
1.00000 0.99249
1.00000 1.00000
1.00000 0.99997
0.40000 0.01560
1.00000 0.37802
1.00000 1.00000
0.00000 0.00192
1.00000 0.96244
0.00000 0.00712
0.00000 0.00034
1.00000 0.99438
0.00000 0.00020
1.00000 1.00000
1.00000 0.99997
1.00000 0.99989
1.00000 0.99999
1.00000 1.00000
0.00000 0.00004
0.00000 0.00000
0.00000 0.00032
1.00000 0.99995
0.00000 0.13417
1.00000 0.99935
1.00000 0.99989
1.00000 0.99932
0.00000 0.67019
1.00000 0.99994
1.00000 0.99803
0.00000 0.00166
1.00000 0.55013
1.00000 0.98771
1.00000 1.00000
0.00000 0.00000
0.00000 0.00000
1.00000 1.00000
1.00000 0.99771
1.00000 0.90616
0.00000 0.00004
0.00000 0.00082
1.00000 1.00000
1.00000 0.74607
0.00000 0.00043
0.00000 0.22192
0.00000 0.01520
1.00000 1.00000
0.00000 0.00000
1.00000 0.99981
1.00000 0.99996
0.00000 0.07318
1.00000 0.96032
1.00000 0.99530
0.00000 0.00012
0.00000 0.02316
1.00000 0.99987
0.00000 0.09873
1.00000 0.99897
0.00000 0.00001
1.00000 0.91006
1.00000 1.00000
1.00000 0.99951
0.50000 0.25399
1.00000 0.99926
1.00000 1.00000
1.00000 1.00000
1.00000 1.00000
1.00000 0.98706
1.00000 0.84033
1.00000 0.74214
1.00000 0.99973
0.00000 0.00000
0.00000 0.02290
1.00000 0.65311
1.00000 0.99980
0.00000 0.03076
1.00000 0.99999
1.00000 0.98185
0.00000 0.00001
0.00000 0.00004
0.00000 0.00026
1.00000 0.99934
1.00000 0.99990
0.00000 0.00001
0.00000 0.00673
1.00000 1.00000
0.00000 0.00089
0.00000 0.57466
1.00000 0.99994
0.00000 0.51465
0.50000 0.03122
0.00000 0.00024
1.00000 0.99423
0.00000 0.96491
0.00000 0.00000
1.00000 0.01815
1.00000 0.97607
0.00000 0.54475
0.00000 0.00000
0.00000 0.00006
1.00000 1.00000
1.00000 0.98735
0.00000 0.08350
1.00000 0.87142
1.00000 0.73769
1.00000 0.99118
0.00000 0.00005
0.00000 0.00009
0.00000 0.09516
1.00000 0.99885
1.00000 0.97885
0.00000 0.00024
1.00000 0.99996
0.00000 0.00280
0.00000 0.00983
1.00000 0.98715
1.00000 0.97419
1.00000 1.00000
0.00000 0.00013
1.00000 1.00000
0.00000 0.02619
1.00000 0.97770
0.00000 0.00029
1.00000 0.52241
0.00000 0.00256
0.00000 0.00894
1.00000 0.99897
0.00000 0.00000
0.00000 0.00009
1.00000 0.99569
0.00000 0.00339
1.00000 0.51224
0.00000 0.00000
1.00000 0.99996
1.00000 0.36402
0.00000 0.00124
1.00000 0.97737
1.00000 0.60778
0.00000 0.06028
0.00000 0.00049
1.00000 0.99953
0.00000 0.81341
0.00000 0.00155
1.00000 0.00084
0.00000 0.00107
1.00000 1.00000
1.00000 0.48077
1.00000 0.99284
0.00000 0.02307
1.00000 1.00000
0.00000 0.00076
1.00000 0.96816
1.00000 0.99980
1.00000 0.99810
0.00000 0.13265
1.00000 0.47539
0.63636 0.28363
1.00000 0.99560
0.00000 0.04617
1.00000 0.99726
0.00000 0.00377
0.00000 0.00009
0.00000 0.00101
0.00000 0.23747
1.00000 0.99998
0.00000 0.00000
0.00000 0.00251
0.00000 0.03972
0.00000 0.00006
0.00000 0.00236
1.00000 1.00000
1.00000 0.99373
1.00000 0.99999
1.00000 0.99981
0.00000 0.00017
1.00000 0.76416
1.00000 0.78130
1.00000 0.99470
0.00000 0.00000
0.00000 0.26453
1.00000 0.99997
0.00000 0.02447
1.00000 0.48189
0.00000 0.01702
1.00000 0.22629
0.00000 0.00168
1.00000 0.99716
1.00000 0.99634
0.00000 0.12020
0.00000 0.00000
0.50000 0.71193
0.00000 0.00009
1.00000 0.99236
0.00000 0.00564
1.00000 1.00000
1.00000 0.96391
0.00000 0.00096
0.00000 0.00073
0.00000 0.00013
1.00000 1.00000
1.00000 0.99997
0.00000 0.00054
1.00000 0.98791
0.00000 0.00001
0.66667 0.13864
0.00000 0.00031
0.00000 0.64190
0.00000 0.00009
1.00000 0.99763
1.00000 1.00000
0.00000 0.00003
0.00000 0.00053
0.00000 0.00070
1.00000 1.00000
0.00000 0.02294
0.00000 0.00000
1.00000 0.97493
0.00000 0.00002
0.00000 0.00001
0.00000 0.00144
0.00000 0.00276
1.00000 0.98038
0.00000 0.00089
1.00000 0.98302
1.00000 0.99991
1.00000 0.99962
0.00000 0.01873
1.00000 1.00000
1.00000 0.99054
1.00000 0.97585
0.00000 0.00080
0.00000 0.00032
1.00000 1.00000
0.00000 0.00006
0.00000 0.00001
0.00000 0.00007
1.00000 1.00000
0.00000 0.01239
0.00000 0.00000
0.00000 0.00002
0.00000 0.00425
1.00000 0.99875
0.00000 0.00088
1.00000 0.99995
0.00000 0.03139
0.00000 0.00131
0.00000 0.00257
0.00000 0.00103
0.00000 0.00144
0.00000 0.20317
0.00000 0.00000
0.00000 0.03938
0.50000 0.42974
0.00000 0.01498
0.00000 0.21557
1.00000 0.99905
1.00000 0.99958
0.00000 0.00000
1.00000 1.00000
1.00000 1.00000
1.00000 0.99862
1.00000 0.99998
0.00000 0.25825
1.00000 0.99862
1.00000 0.99999
0.00000 0.00565
0.00000 0.00004
1.00000 0.99999
1.00000 0.99420
0.00000 0.00543
1.00000 1.00000
0.00000 0.01339
0.00000 0.00415
0.00000 0.00001
1.00000 0.34452
0.00000 0.42498
1.00000 0.99392
0.00000 0.00175
1.00000 1.00000
0.00000 0.02355
1.00000 1.00000
0.20000 0.58993
0.00000 0.70943
0.00000 0.00582
1.00000 0.96685
0.00000 0.52787
0.00000 0.00009
0.00000 0.00142
0.00000 0.00018
0.00000 0.10623
0.00000 0.00065
0.00000 0.01113
1.00000 0.80106
0.30000 0.34051
0.00000 0.01120
0.00000 0.04888
1.00000 0.99986
0.00000 0.00000
1.00000 0.98077
1.00000 0.99726
0.00000 0.89352
1.00000 0.83468
1.00000 0.33789
0.00000 0.00012
1.00000 0.99555
0.00000 0.62120
0.00000 0.00009
1.00000 0.98609
0.00000 0.31791
0.00000 0.00000
1.00000 0.63362
0.00000 0.00186
1.00000 0.99768
1.00000 0.99839
1.00000 0.99156
1.00000 0.92712
1.00000 0.69996
0.00000 0.00094
0.00000 0.00491
0.00000 0.00000
1.00000 0.99653
1.00000 0.42758
0.00000 0.00254
1.00000 0.99982
1.00000 1.00000
0.00000 0.00004
1.00000 0.92089
1.00000 0.99970
1.00000 0.29780
1.00000 0.91652
1.00000 0.98986
1.00000 0.99931
0.00000 0.00001
0.00000 0.00088
1.00000 0.99123
0.00000 0.00386
0.00000 0.18289
0.00000 0.00092
0.00000 0.00594
1.00000 0.99636
0.00000 0.00008
1.00000 0.99729
1.00000 0.98585
0.38462 0.07684
0.00000 0.00000
0.00000 0.92532
0.00000 0.23659
0.00000 0.83217
1.00000 0.54438
1.00000 0.99968
1.00000 0.98393
0.00000 0.11266
0.00000 0.00930
0.00000 0.00263
0.00000 0.00001
0.00000 0.00000
1.00000 0.20065
1.00000 0.99817
0.00000 0.00003
0.00000 0.00000
0.00000 0.00008
0.00000 0.00056
0.00000 0.00000
1.00000 0.99998
0.00000 0.00008
0.00000 0.00002
1.00000 0.99934
1.00000 0.99979
0.00000 0.00262
1.00000 0.99853
0.00000 0.65048
1.00000 0.99871
0.00000 0.06829
0.00000 0.00013
1.00000 0.99763
0.00000 0.00179
0.00000 0.06266
0.00000 0.13377
0.00000 0.00147
0.00000 0.27992
1.00000 0.99965
1.00000 1.00000
0.00000 0.01217
0.00000 0.00000
0.00000 0.24396
1.00000 0.99863
0.00000 0.00003
1.00000 0.79893
1.00000 1.00000
0.00000 0.00003
1.00000 0.99993
1.00000 0.30574
0.00000 0.00000
1.00000 1.00000
1.00000 0.59209
0.00000 0.32969
0.00000 0.00000
1.00000 0.99945
1.00000 1.00000
0.00000 0.00459
0.00000 0.00444
0.00000 0.00005
0.00000 0.01741
1.00000 0.99592
0.00000 0.05752
1.00000 0.99562
0.00000 0.29106
1.00000 0.99995
0.00000 0.12498
0.00000 0.88752
0.00000 0.00008
0.00000 0.00176
1.00000 0.97818
0.00000 0.42609
0.00000 0.00597
1.00000 0.90949
0.45455 0.71117
0.00000 0.00382
1.00000 0.99999
0.00000 0.12693
0.00000 0.00001
1.00000 0.99937
0.00000 0.00287
1.00000 0.99987
0.00000 0.01067
1.00000 0.99999
0.00000 0.10358
1.00000 0.99969
0.00000 0.10125
0.00000 0.00029
1.00000 0.99978
1.00000 0.97574
1.00000 0.99644
1.00000 1.00000
1.00000 0.65192
1.00000 0.99999
1.00000 0.92821
1.00000 0.99978
0.00000 0.00000
0.00000 0.00346
0.00000 0.04327
1.00000 1.00000
1.00000 0.99989
0.00000 0.28255
1.00000 0.81114
1.00000 0.99998
0.00000 0.06021
0.00000 0.06109
0.00000 0.02070
0.00000 0.16384
1.00000 0.71410
0.00000 0.00258
0.00000 0.37392
1.00000 1.00000
0.00000 0.00197
1.00000 0.87037
1.00000 0.99906
0.00000 0.00027
0.00000 0.03171
0.00000 0.00000
0.00000 0.03139
0.00000 0.20775
0.00000 0.00305
1.00000 0.99987
0.00000 0.02654
1.00000 0.99771
0.00000 0.00000
0.00000 0.04819
1.00000 1.00000
1.00000 0.98204
0.00000 0.85283
0.00000 0.00000
0.00000 0.00102
1.00000 0.56968
1.00000 0.01794
0.00000 0.00053
0.00000 0.00000
0.00000 0.08235
1.00000 0.99991
0.00000 0.00000
0.00000 0.01570
1.00000 1.00000
0.00000 0.05077
0.00000 0.01233
1.00000 0.99257
0.00000 0.90088
0.00000 0.00019
0.00000 0.00000
0.00000 0.00000
1.00000 0.99103
0.00000 0.00101
0.00000 0.05621
1.00000 0.99999
0.00000 0.00000
1.00000 0.99958
0.00000 0.01381
0.00000 0.00011
0.00000 0.00196
0.00000 0.00002
1.00000 0.99994
1.00000 0.98020
1.00000 0.99959
0.00000 0.00013
1.00000 0.99628
1.00000 0.99976
1.00000 0.76546
1.00000 0.95980
1.00000 0.97770
1.00000 1.00000
0.00000 0.00039
0.00000 0.00036
1.00000 0.99999
0.00000 0.00000
1.00000 0.62189
1.00000 0.98740
0.00000 0.00634
1.00000 0.86244
0.00000 0.03414
1.00000 1.00000
0.00000 0.00009
0.00000 0.00019
1.00000 1.00000
1.00000 0.99997
0.00000 0.15599
0.00000 0.00001
0.00000 0.00493
0.00000 0.00806
0.00000 0.15425
0.00000 0.16601
0.00000 0.00004
1.00000 0.98127
1.00000 0.99979
1.00000 0.99981
1.00000 1.00000
1.00000 1.00000
0.00000 0.00006
0.00000 0.00221
0.00000 0.00011
0.00000 0.00000
0.00000 0.00001
0.00000 0.03164
1.00000 0.00221
1.00000 1.00000
1.00000 1.00000
0.00000 0.00541
1.00000 0.99994
0.00000 0.00042
0.00000 0.04462
1.00000 1.00000
0.00000 0.00439
1.00000 0.91555
1.00000 0.99993
0.00000 0.00312
1.00000 0.99936
1.00000 1.00000
1.00000 0.99938
0.00000 0.00002
1.00000 1.00000
0.00000 0.00002
0.00000 0.00025
1.00000 0.00306
1.00000 0.94648
0.00000 0.30879
1.00000 0.99931
1.00000 0.99999
0.00000 0.35542
0.00000 0.00057
0.00000 0.00758
0.00000 0.02548
1.00000 0.99898
0.00000 0.00204
0.00000 0.00000
0.00000 0.39899
1.00000 0.99943
0.00000 0.00677
0.00000 0.00250
1.00000 0.99995
1.00000 1.00000
1.00000 1.00000
0.00000 0.03989
1.00000 0.99213
1.00000 0.89563
1.00000 0.99716
0.00000 0.01273
0.00000 0.00020
0.00000 0.00106
0.00000 0.00017
1.00000 0.99999
0.00000 0.00000
1.00000 0.99997
0.00000 0.00153
0.00000 0.00004
1.00000 0.78279
1.00000 0.99763
1.00000 0.28044
1.00000 0.99992
1.00000 0.99980
0.00000 0.00022
0.00000 0.06726
1.00000 0.99842
0.00000 0.00000
0.00000 0.00262
1.00000 0.99455
1.00000 0.25618
0.00000 0.04289
0.00000 0.21141
1.00000 1.00000
1.00000 1.00000
0.00000 0.00000
0.00000 0.00053
0.00000 0.30375
1.00000 0.99983
1.00000 0.99988
0.00000 0.00259
0.00000 0.00032
0.00000 0.08254
1.00000 0.99991
1.00000 0.93873
1.00000 0.99997
0.00000 0.00775
0.50000 0.31625
0.00000 0.00000
0.00000 0.00002
1.00000 0.99996
0.00000 0.00921
1.00000 1.00000
0.00000 0.00013
1.00000 0.99937
1.00000 1.00000
1.00000 0.99984
0.00000 0.00581
0.00000 0.00223
1.00000 0.99934
1.00000 0.99321
0.00000 0.00008
1.00000 1.00000
0.00000 0.00006
0.00000 0.00001
0.00000 0.49008
1.00000 0.38214
0.00000 0.00619
0.00000 0.00018
0.00000 0.00430
1.00000 1.00000
1.00000 0.99999
1.00000 1.00000
1.00000 0.99207
1.00000 1.00000
0.00000 0.00005
0.00000 0.00001
0.00000 0.00013
1.00000 0.86154
0.00000 0.11045
1.00000 0.99960
0.00000 0.62478
0.00000 0.04359
0.00000 0.00268
1.00000 0.99998
1.00000 0.99947
0.00000 0.00007
0.00000 0.00280
0.00000 0.00869
0.00000 0.13804
1.00000 1.00000
0.00000 0.03804
0.00000 0.95694
0.00000 0.18807
0.00000 0.00226
1.00000 0.99939
0.00000 0.00012
1.00000 0.98755
1.00000 1.00000
1.00000 0.99999
0.00000 0.00015
0.00000 0.00001
1.00000 0.99513
1.00000 0.99381
0.00000 0.00010
1.00000 0.99987
0.00000 0.00001
0.00000 0.16948
1.00000 0.81970
1.00000 0.99908
1.00000 0.53776
1.00000 0.59892
1.00000 0.99997
0.00000 0.02513
0.00000 0.00000
0.00000 0.07310
1.00000 0.96852
0.00000 0.00723
0.00000 0.04393
0.00000 0.09483
0.00000 0.00088
1.00000 1.00000
1.00000 0.99162
1.00000 0.99990
0.00000 0.00846
0.00000 0.00000
1.00000 0.99710
1.00000 0.50331
1.00000 0.75642
0.00000 0.00300
1.00000 0.99998
0.00000 0.00075
0.00000 0.02210
0.00000 0.00315
1.00000 1.00000
1.00000 1.00000
0.00000 0.01631
0.00000 0.28944
0.00000 0.00068
1.00000 0.99997
1.00000 0.43086
0.00000 0.00000
0.00000 0.00429
1.00000 1.00000
1.00000 0.99481
0.00000 0.00057
0.00000 0.03082
1.00000 0.99873
0.00000 0.58633
0.00000 0.00257
0.00000 0.00056
0.00000 0.00129
0.00000 0.00000
0.00000 0.14772
0.00000 0.00676
0.00000 0.00041
1.00000 1.00000
0.00000 0.00191
1.00000 0.99997
0.00000 0.00097
1.00000 1.00000
1.00000 0.93896
1.00000 1.00000
1.00000 0.96142
0.00000 0.00000
1.00000 0.99994
1.00000 0.99487
1.00000 0.93437
0.00000 0.00146
0.00000 0.00011
0.00000 0.00435
1.00000 0.99983
0.00000 0.03848
0.00000 0.02198
0.00000 0.00089
0.00000 0.00558
1.00000 0.51974
1.00000 0.99899
0.00000 0.00009
0.00000 0.02379
1.00000 0.99981
1.00000 0.64466
1.00000 0.67116
0.00000 0.00004
1.00000 0.99780
1.00000 0.96022
0.00000 0.00000
1.00000 0.99976
1.00000 0.99435
0.00000 0.00014
0.00000 0.02432
1.00000 0.99995
0.45455 0.52046
1.00000 0.99928
1.00000 1.00000
0.00000 0.01826
1.00000 0.99935
1.00000 0.97058
1.00000 1.00000
0.25000 0.20674
0.00000 0.00001
1.00000 0.99999
0.00000 0.00956
1.00000 0.99963
1.00000 0.99999
0.00000 0.00022
1.00000 0.99990
1.00000 0.99998
1.00000 0.99943
1.00000 0.99999
0.00000 0.17180
0.00000 0.00021
1.00000 0.99930
0.00000 0.00001
1.00000 0.99983
0.00000 0.63379
0.00000 0.00001
1.00000 0.03013
0.00000 0.59226
1.00000 0.71162
1.00000 0.98860
1.00000 0.99840
0.00000 0.16498
0.00000 0.00274
1.00000 1.00000
0.00000 0.05635
0.00000 0.00004
1.00000 0.99863
0.00000 0.02136
1.00000 0.98290
1.00000 0.99315
0.00000 0.14410
0.00000 0.39462
1.00000 0.99996
0.00000 0.32081
1.00000 0.99998
1.00000 0.99782
0.00000 0.00025
1.00000 0.98587
1.00000 0.99997
1.00000 0.67181
0.00000 0.00492
1.00000 0.97495
0.00000 0.00002
0.00000 0.12720
1.00000 1.00000
0.00000 0.01690
1.00000 0.99992
0.00000 0.59341
0.00000 0.00412
0.00000 0.00000
0.00000 0.15264
0.00000 0.01292
0.00000 0.00001
1.00000 0.99994
1.00000 0.94466
1.00000 0.78830
0.00000 0.22506
1.00000 0.96570
0.00000 0.00001
0.00000 0.00004
1.00000 0.99124
1.00000 0.99908
0.00000 0.00178
0.00000 0.01004
1.00000 1.00000
1.00000 0.99995
0.50000 0.28468
1.00000 0.99936
0.00000 0.00001
1.00000 0.89426
0.00000 0.37985
0.00000 0.00407
0.00000 0.00006
1.00000 1.00000
1.00000 0.99996
1.00000 0.99656
0.00000 0.00000
