0.00001
0.00041
0.00000
0.00002
0.00000
0.00044
0.00011
0.00026
0.00211
0.00005
0.00000
0.99980
0.99923
0.99835
0.99987
0.99795
0.99998
0.99988
0.99999
0.99998
1.00000
0.99987
0.99842
0.99916
0.00098
0.00001
0.00005
0.00218
0.00025
0.00001
0.00091
0.00021
0.99980
0.99971
0.00039
0.00000
0.00044
0.00548
0.00296
0.00004
0.00025
0.01060
0.00368
0.00004
0.00181
0.00001
0.00006
0.00001
0.99998
1.00000
0.99988
0.00029
0.99976
0.99958
0.99927
0.99899
0.34991
0.99956
0.99887
0.00199
0.00041
0.99739
0.97396
0.99644
0.99566
0.99792
0.99965
0.99979
0.99973
0.99657
0.99987
0.00000
0.00000
0.00000
0.00238
0.99970
0.99999
0.99969
0.96042
0.00000
0.00000
0.99767
0.99947
0.99940
0.99948
0.99885
0.99974
0.99417
0.99838
0.99665
0.99575
0.99937
0.99673
0.99883
1.00000
1.00000
1.00000
1.00000
1.00000
1.00000
0.99999
0.99995
0.99998
0.99994
0.99911
0.99892
0.99930
0.99868
0.99903
0.99887
0.99766
0.99782
0.99404
0.99074
0.00000
0.00000
1.00000
0.98427
0.99975
0.99319
0.99967
0.98088
0.99902
0.99137
0.91429
0.99657
0.99821
0.98196
0.99528
0.98696
0.99999
0.99999
0.99998
0.99995
0.98999
0.99487
0.94748
0.98904
0.00016
0.00004
0.00004
0.00006
0.00004
0.00004
0.00002
0.00000
0.00000
0.00002
0.99993
0.83062
0.97677
0.99998
0.99840
0.00000
0.00001
0.00001
0.00001
0.00002
0.00007
0.00002
0.00000
0.00003
0.98899
0.90927
0.30954
0.99999
0.97657
0.99868
0.00000
0.00005
0.00000
0.00000
0.98789
0.95139
0.00009
0.00003
0.00001
0.96789
0.39179
0.99997
0.99999
1.00000
0.00000
0.00000
0.34741
0.00971
0.00981
0.00029
0.00000
0.00010
0.00709
0.99163
0.98896
0.99419
0.99776
0.00466
0.00077
0.00143
0.00655
0.99996
0.99989
0.99998
0.99995
0.99795
0.99998
0.99958
0.99999
0.99987
0.00004
0.00693
0.00007
0.02547
0.18222
0.00440
0.01107
0.00000
0.00000
0.33119
0.98452
0.96200
0.97194
0.94155
0.95336
0.99642
0.99503
0.99863
0.99829
0.27708
0.99814
0.00000
0.00000
0.00000
0.00000
0.00000
0.00000
0.00000
0.00006
0.00002
0.99605
0.99999
0.99835
0.99983
0.00172
0.00006
0.00010
0.00011
0.00056
0.00012
0.00147
0.99997
0.99999
0.99967
0.99973
0.99993
0.99994
0.99982
0.96929
0.99297
0.99932
0.89239
0.99998
0.99988
0.99996
0.99993
0.99001
0.99994
1.00000
0.99999
0.99966
0.99990
0.99990
0.00000
0.00012
0.00001
0.99999
0.99204
0.98922
0.99999
0.99987
0.86776
0.99882
0.99876
0.88968
0.95104
0.99492
0.99987
0.00004
0.00000
0.00006
0.00001
0.00001
0.00003
0.00001
0.00000
0.99816
0.01126
0.21322
0.01031
0.00667
0.99996
1.00000
0.99990
0.99996
0.99995
0.99892
0.99987
0.00002
1.00000
0.99999
0.99999
0.99947
0.00014
0.00003
0.00011
0.00000
0.00001
0.00000
0.00003
0.00010
0.00012
0.99997
0.99977
0.00000
0.00000
0.00000
0.00000
0.00000
0.00000
0.00000
0.00000
0.00000
0.00001
0.00000
0.00000
0.00000
0.00000
0.00000
0.99942
0.00020
0.00058
0.99998
1.00000
1.00000
0.99999
1.00000
1.00000
0.99971
1.00000
0.99987
0.99983
0.99986
1.00000
0.99870
0.99993
0.99989
0.99992
0.99999
0.99883
0.99998
0.99986
0.99979
0.99998
0.99932
0.99952
0.99977
1.00000
0.99960
0.99999
1.00000
0.99951
0.99957
0.99949
0.99922
0.99907
0.99917
0.99998
0.99998
0.00016
0.00007
0.00006
0.00002
0.99990
0.99988
0.99996
0.99999
0.99990
0.99992
0.99998
0.98501
0.97149
0.99975
0.99956
0.98161
0.99942
0.99999
0.99998
0.99993
0.99966
0.99982
0.99743
0.99909
0.99812
0.99416
0.99824
0.99969
0.99975
0.99657
0.99291
0.00008
0.99988
0.99991
0.99992
0.99937
0.00002
0.00004
0.99978
0.99993
0.99986
0.99995
0.99951
0.99948
0.99982
0.99966
0.00001
0.00002
0.00000
0.01156
0.00315
0.00009
0.00007
0.00002
0.99994
0.99951
0.99913
0.99999
0.99868
0.99999
0.99746
0.99996
0.99989
0.99968
0.99977
0.96987
0.99432
0.99959
0.98484
0.99998
0.99987
0.99998
0.99799
0.99968
0.99962
0.99992
0.00000
0.00000
0.99792
0.99986
0.99997
0.99999
0.99999
1.00000
0.99996
0.99999
0.99484
0.99997
0.99999
0.99995
1.00000
1.00000
1.00000
0.99908
1.00000
0.99999
1.00000
0.99008
0.99999
0.99999
1.00000
0.99570
0.99987
0.99956
0.99984
0.99959
0.99973
0.99987
0.00004
0.00000
0.00000
0.00000
0.00000
0.00000
1.00000
0.00001
0.99955
0.15905
0.99045
0.98885
0.00001
0.00256
0.98273
0.00003
0.00001
0.00001
0.00005
0.00012
0.01963
0.00001
0.99999
1.00000
1.00000
1.00000
0.00029
0.00040
0.00006
0.00007
0.00000
0.00000
0.00001
0.00004
0.00006
0.00007
0.99967
0.99993
0.99701
0.60371
0.99008
0.99994
0.99993
0.98535
0.00000
0.00000
0.00000
0.00000
0.00000
0.99980
1.00000
1.00000
0.99982
0.99999
0.99999
0.99827
0.99886
0.99994
1.00000
0.00008
0.00000
0.00001
0.00004
0.99981
0.99998
0.99622
0.00000
0.00000
0.00000
0.00001
0.00025
0.99252
0.99996
0.99999
0.99998
0.76305
0.99421
0.01922
0.00144
0.00146
0.99922
0.96081
0.98776
0.99772
0.00001
0.00001
0.00001
0.00028
0.00000
0.00001
0.00001
0.00000
0.00000
0.00000
0.00000
0.00005
0.00035
0.00004
0.00013
0.00168
0.00000
0.00017
0.00012
0.00089
0.00181
0.00022
0.00043
0.00153
0.00000
0.00002
1.00000
1.00000
0.99997
0.99955
0.99949
0.99978
0.99989
0.99989
0.99966
0.99989
0.99997
0.99996
0.99941
0.99875
0.99948
0.00000
0.00000
0.00000
0.00000
0.00000
0.00000
0.00000
0.00006
0.00000
0.00000
0.00000
0.00000
0.99996
0.99978
0.99966
0.00001
0.99984
0.99998
0.99994
0.99927
0.99451
0.99997
1.00000
0.00003
0.00000
0.00000
0.00000
0.00001
0.00001
0.00001
0.00000
0.00000
0.00001
0.00001
0.00000
0.00002
0.00002
0.00000
0.99975
0.99998
0.99987
0.99958
0.99972
0.99999
0.00007
0.00000
0.00012
0.00033
0.00065
0.00000
0.00000
0.00000
0.00000
0.00000
0.00000
0.99999
0.99973
0.00000
0.00001
0.00000
0.00000
0.00003
0.00000
0.00000
0.00000
0.00000
0.00000
0.99925
0.99930
0.99993
1.00000
0.99948
0.99934
0.99999
1.00000
1.00000
1.00000
1.00000
1.00000
1.00000
0.99999
0.99999
0.99802
0.99991
0.99990
0.99930
0.99967
0.99938
1.00000
0.99957
1.00000
1.00000
0.99999
1.00000
0.98613
0.00000
0.00000
0.00000
0.00000
0.00000
0.00000
0.00000
0.00000
0.00000
0.00000
0.00000
0.00000
0.00002
0.00000
0.00000
0.00000
0.00000
0.00000
0.00000
0.00000
0.00000
0.00001
0.00002
0.00000
0.00000
0.00000
0.00001
0.00000
0.00000
0.00000
0.00000
0.00000
0.00000
0.00000
0.00003
0.00000
0.99200
0.00000
0.00000
0.00001
0.00001
0.00043
0.00005
0.99992
0.00001
0.00004
0.00000
0.00000
0.00000
0.00013
0.99955
0.99974
0.99980
0.99930
0.99743
0.99946
0.99976
0.99264
0.57478
0.99894
0.99998
0.99970
0.91992
0.99999
0.99996
1.00000
1.00000
0.99999
0.99998
1.00000
1.00000
1.00000
1.00000
0.99995
0.99987
0.00004
0.00002
0.00001
0.00000
0.00000
0.00000
0.00000
0.00000
0.00000
0.00000
0.00000
0.00000
0.00001
0.00002
0.00001
0.00000
0.00027
0.00000
0.00000
0.00001
0.00001
0.00005
0.00000
0.00033
0.00000
0.00000
0.00000
0.00000
0.00000
0.00000
0.00000
0.00000
0.00000
0.00000
0.00000
0.00000
0.00000
0.00000
0.00000
0.00001
0.00000
0.00000
0.00000
0.00000
0.00000
0.00000
0.00000
0.00000
0.00003
0.00003
0.00000
0.00002
0.00001
0.00006
0.00000
0.00000
0.00000
0.00000
0.00000
0.00000
0.00000
0.00000
0.00000
0.00000
0.00000
0.00000
0.00000
0.00000
0.00000
0.00000
0.00000
0.00000
0.00000
0.00000
0.00000
0.00000
0.00000
0.00000
0.00000
0.00000
0.00000
0.00001
0.00000
0.00000
0.00000
0.00000
0.00000
0.00000
0.00000
0.00000
0.00000
0.00000
0.00000
0.00000
0.00000
0.00000
0.00000
0.00000
0.00000
0.00000
0.00001
0.00000
0.00001
0.00001
0.00037
0.00001
0.00024
0.00000
0.99996
0.99996
0.99995
0.97840
0.00027
0.00000
0.00006
0.00000
0.00009
1.00000
0.91346
0.00007
0.00004
0.99999
1.00000
0.99999
1.00000
1.00000
1.00000
0.00087
0.00014
0.00303
0.00004
0.00014
0.00005
0.00051
0.00016
0.00019
0.00009
0.00002
0.00006
0.00000
1.00000
1.00000
0.03824
0.00010
0.00881
0.02062
0.00026
0.00002
0.00006
0.00041
0.00008
0.00000
0.00001
0.00000
0.00000
0.00000
0.00000
0.00000
0.00000
0.99879
0.99755
0.00023
0.00018
0.99794
1.00000
0.00001
0.00035
0.98211
0.03475
0.93280
0.99997
1.00000
0.99996
1.00000
1.00000
1.00000
1.00000
1.00000
1.00000
1.00000
1.00000
1.00000
1.00000
1.00000
1.00000
1.00000
1.00000
0.99999
1.00000
1.00000
1.00000
1.00000
0.00000
0.00000
0.00000
0.01534
0.00000
0.00003
0.00035
0.00001
0.00001
0.00007
0.00000
0.00000
0.00000
0.00000
0.00000
0.00000
0.00002
0.00000
0.00000
0.00000
0.00000
0.00000
0.00000
0.00000
0.00000
0.00000
0.00000
0.00000
0.99961
1.00000
0.00398
1.00000
1.00000
1.00000
1.00000
1.00000
1.00000
1.00000
1.00000
1.00000
1.00000
1.00000
1.00000
0.99998
0.99989
0.99991
0.99886
0.99964
0.99989
0.99995
0.99999
1.00000
1.00000
1.00000
1.00000
0.99999
0.99998
1.00000
0.99998
1.00000
0.93304
0.64466
0.97230
0.00000
0.00000
1.00000
1.00000
1.00000
1.00000
1.00000
1.00000
1.00000
1.00000
0.99961
0.99998
0.99997
1.00000
1.00000
1.00000
1.00000
1.00000
1.00000
1.00000
0.00000
0.00000
0.00000
0.00000
0.00000
0.00000
0.00000
0.00000
0.00000
0.00001
0.00002
0.00000
0.00001
0.00004
0.00001
0.00000
0.00000
0.00000
0.00000
0.00000
0.00001
1.00000
1.00000
1.00000
0.99982
0.99990
0.99998
1.00000
1.00000
1.00000
1.00000
0.99999
0.99871
1.00000
1.00000
1.00000
1.00000
1.00000
1.00000
1.00000
1.00000
1.00000
0.99999
1.00000
1.00000
1.00000
1.00000
1.00000
1.00000
0.99999
1.00000
1.00000
1.00000
0.99924
0.98816
0.99965
0.99857
0.99303
0.99998
0.99999
0.99253
0.99981
0.99999
1.00000
0.99999
0.00001
0.99995
0.99978
0.00040
0.00037
0.00383
0.00004
0.00006
0.00004
0.00000
0.00000
0.00000
0.00000
0.00000
0.00001
0.00000
0.00000
1.00000
1.00000
0.99998
0.99988
1.00000
0.99999
1.00000
0.00058
0.00043
0.01054
0.00496
0.00206
0.01225
0.00206
1.00000
1.00000
1.00000
1.00000
1.00000
1.00000
0.99974
0.99969
0.99885
0.49401
0.86640
0.99998
0.99405
0.00002
0.00001
0.00002
0.00001
0.00002
0.00001
0.00001
0.00001
0.00001
0.99996
0.99910
0.39933
0.00827
0.98826
1.00000
1.00000
1.00000
1.00000
1.00000
1.00000
1.00000
1.00000
1.00000
1.00000
1.00000
1.00000
1.00000
1.00000
1.00000
1.00000
1.00000
1.00000
1.00000
1.00000
1.00000
1.00000
1.00000
1.00000
0.99999
1.00000
1.00000
1.00000
1.00000
1.00000
1.00000
1.00000
1.00000
1.00000
1.00000
1.00000
1.00000
0.99839
0.09572
1.00000
1.00000
1.00000
1.00000
1.00000
1.00000
1.00000
1.00000
1.00000
0.99999
1.00000
1.00000
1.00000
1.00000
1.00000
1.00000
0.99972
1.00000
1.00000
1.00000
1.00000
1.00000
1.00000
1.00000
1.00000
1.00000
1.00000
1.00000
1.00000
1.00000
1.00000
1.00000
1.00000
1.00000
1.00000
1.00000
1.00000
1.00000
0.99999
1.00000
1.00000
1.00000
1.00000
1.00000
1.00000
1.00000
1.00000
1.00000
1.00000
0.99992
1.00000
0.98369
0.99992
1.00000
0.99999
0.99999
0.99994
0.00012
0.00008
1.00000
1.00000
1.00000
1.00000
1.00000
1.00000
1.00000
1.00000
1.00000
1.00000
1.00000
1.00000
1.00000
1.00000
1.00000
1.00000
1.00000
1.00000
1.00000
1.00000
1.00000
1.00000
1.00000
1.00000
1.00000
1.00000
1.00000
1.00000
1.00000
1.00000
1.00000
1.00000
1.00000
1.00000
1.00000
1.00000
0.00009
0.00032
0.00095
0.00009
0.00024
0.99839
0.99954
0.00044
0.00003
0.00085
0.00010
0.00001
0.00001
0.00000
0.00000
0.00000
0.00000
0.00000
0.00000
0.00015
0.00001
1.00000
1.00000
1.00000
1.00000
1.00000
1.00000
1.00000
1.00000
1.00000
0.00144
0.99922
0.99997
0.99999
0.99851
1.00000
0.99995
0.00003
0.99966
0.99998
0.99931
0.97155
0.99993
0.99820
0.97719
0.86504
0.98542
0.00061
0.00019
0.00031
0.00012
0.00002
0.00003
0.00008
0.99604
0.99867
0.94661
0.98296
0.00003
0.00015
0.00001
0.00017
0.99997
0.99999
0.99904
0.99489
0.99691
0.99816
0.00435
0.04844
0.00050
0.93697
0.99996
0.00002
0.00001
0.00000
0.00001
0.00003
1.00000
0.99690
0.99996
1.00000
1.00000
1.00000
0.99993
1.00000
1.00000
0.99999
1.00000
0.99980
0.99997
0.99998
0.99999
0.99984
1.00000
0.99999
1.00000
1.00000
1.00000
1.00000
1.00000
1.00000
1.00000
1.00000
1.00000
1.00000
0.00001
0.00003
0.99934
0.99885
0.00000
0.00000
0.00000
0.00000
1.00000
0.99984
0.00000
0.00000
0.00017
0.00003
0.00000
0.01585
0.00000
0.00000
0.00001
0.00000
0.00000
0.99998
0.99981
0.00000
0.99960
0.99787
0.99997
0.99921
0.99994
1.00000
0.99760
0.99952
0.99636
0.99772
0.99607
0.99929
0.99963
0.00002
0.00002
0.00000
0.00141
0.00006
0.00000
0.00000
0.00001
0.00032
0.00003
0.00000
0.00001
0.00001
0.00000
0.00000
0.00000
0.00000
0.00000
0.00000
0.00079
0.00018
1.00000
0.98212
0.00000
0.00000
0.00000
0.00000
0.00000
0.00005
0.00014
0.00000
0.00006
0.04174
0.00000
0.00000
0.00000
0.00000
0.00000
0.00000
0.00000
0.00000
0.00000
0.00001
0.00000
0.00000
0.00000
0.00001
0.00000
0.00001
0.00000
0.00001
0.00000
0.00000
0.99980
0.99999
0.00000
0.99995
0.99976
0.99999
1.00000
1.00000
1.00000
1.00000
1.00000
1.00000
1.00000
1.00000
0.00046
0.00002
0.00008
0.00007
0.99993
0.99988
0.99958
0.99999
0.99991
0.99998
1.00000
0.99999
0.99999
0.99999
0.99994
0.99999
0.99899
0.99999
1.00000
1.00000
1.00000
1.00000
0.99999
0.99989
0.99986
0.99994
0.99990
0.99996
0.99762
0.99708
0.99949
0.99729
0.98683
0.99976
0.99924
0.00391
0.00043
0.99999
0.99998
0.99999
1.00000
1.00000
0.99999
0.99245
1.00000
1.00000
1.00000
0.99972
1.00000
1.00000
1.00000
1.00000
1.00000
1.00000
1.00000
1.00000
1.00000
1.00000
1.00000
1.00000
1.00000
0.99906
1.00000
0.99994
0.94234
0.99989
0.99146
0.41619
0.00023
0.00602
0.00021
0.00061
0.00199
0.00449
0.00077
0.00025
0.00019
0.99902
0.99904
0.99665
0.99671
0.99798
0.99981
0.07141
0.00107
0.00019
0.02620
0.24985
0.00614
0.99309
0.98422
0.00003
0.00000
0.00000
0.00001
0.00000
0.00011
0.00015
0.00095
0.00002
0.00133
0.00061
0.00012
0.00015
0.99418
0.98770
0.99201
0.98915
0.89599
0.94398
0.98590
0.00108
0.00000
0.00000
0.01632
0.01412
0.00010
0.00001
0.00007
0.99850
0.00000
0.00000
0.00000
0.00000
0.00015
0.00018
0.00005
0.00002
0.00000
0.00000
0.00000
0.00001
0.00007
0.00003
0.00140
0.00059
0.00067
0.00005
0.00008
0.00132
0.00004
0.00003
0.00016
0.00001
0.00000
0.00001
0.00001
0.00000
0.95676
0.99560
0.99999
0.99999
0.99271
0.00000
0.00000
1.00000
0.99999
0.99999
0.99964
0.99981
0.99999
0.99395
0.19379
0.00000
0.00035
0.00004
0.00002
0.00011
0.00001
0.00000
0.00000
0.00002
0.00003
0.00059
0.00001
0.26912
0.06950
0.99740
0.00158
0.00023
0.00032
0.00023
0.00474
0.00004
0.99990
0.99990
0.99992
0.99937
0.99995
0.99997
0.99996
0.98986
0.96641
0.99938
0.00600
0.00184
0.01590
0.03555
0.00257
0.00394
0.00238
0.00125
0.00418
0.00097
0.02872
0.01045
0.00262
0.00030
0.00717
0.00075
0.00027
0.00012
0.00018
0.00033
0.00019
0.04080
0.00001
0.00001
0.00000
0.00000
0.99854
0.99942
0.98052
0.99885
0.99317
0.99861
0.00239
0.00213
0.00014
0.00024
1.00000
1.00000
0.00004
0.00002
0.99156
0.97857
0.97615
0.99375
0.00000
0.00000
0.00000
0.00000
0.00005
0.00001
0.00002
0.00000
0.00020
0.00000
0.00012
0.00006
0.00009
0.00002
0.00000
0.00519
0.00003
0.00002
0.00000
0.00255
0.00007
0.00004
0.99738
0.00026
0.00000
0.00000
0.00001
0.99694
0.99339
0.99743
0.99765
0.99881
0.99849
0.00057
0.00025
0.00022
0.00367
0.00074
0.99793
0.00029
0.00002
0.00001
0.08904
0.01809
0.00190
0.00037
0.02907
0.26736
0.00409
0.00133
0.00000
0.00001
0.00002
0.00000
0.99811
0.99807
0.94409
0.99039
0.49738
0.62294
0.98680
0.99925
0.99966
0.99985
0.99743
0.99868
1.00000
0.99996
0.99999
1.00000
0.99996
1.00000
0.00000
0.00000
0.99980
0.99932
0.99967
0.99993
0.99988
0.99999
1.00000
1.00000
0.99995
1.00000
0.99998
0.99999
0.99992
0.00000
0.99682
0.99393
0.03437
0.99653
0.99902
0.99925
0.99995
0.99991
0.00000
0.00000
0.00000
0.00000
0.99992
0.99997
0.99998
0.99999
0.99995
0.99998
0.99999
0.99997
0.99969
0.00000
0.00000
0.00000
0.00030
0.00001
0.00000
0.00000
0.99351
0.99777
0.99546
0.99740
0.99432
0.98715
0.95939
0.88694
0.99679
0.99994
1.00000
0.99999
0.99980
0.99888
0.99993
0.99746
0.99327
0.99677
0.99586
0.99935
0.99799
0.99164
0.99995
0.99939
0.99491
0.99026
0.00015
0.00008
0.00024
0.00004
0.00049
0.08022
0.00145
0.00004
0.00004
0.00017
0.00000
0.00042
0.00008
0.00001
0.00005
0.00023
0.00004
0.00006
0.00000
0.00000
1.00000
0.99999
1.00000
0.99999
0.00001
0.00002
0.00001
1.00000
0.99999
1.00000
1.00000
1.00000
0.99999
1.00000
1.00000
0.99999
1.00000
1.00000
1.00000
0.99947
1.00000
0.99958
0.99981
0.00000
0.00010
0.00000
0.00002
0.00007
0.00001
0.00011
0.00002
0.00002
0.00002
0.00001
0.00004
0.00001
0.00090
0.00002
0.00017
0.00007
0.00001
0.00003
0.00000
0.00002
0.00137
0.00200
0.00431
0.99743
0.99756
0.99871
0.99755
1.00000
1.00000
1.00000
0.99999
0.99552
0.99999
0.99997
0.99998
1.00000
0.99999
0.95480
0.85410
0.03864
0.00059
0.00109
0.00215
0.00313
0.00401
0.99344
0.99362
0.00101
0.00281
0.00001
0.00000
0.00000
0.00024
0.00010
0.00043
0.00015
0.00029
0.00830
0.01790
0.00060
0.00094
0.00338
0.00124
0.00084
0.00098
0.00446
0.04656
0.00266
0.99722
0.00023
0.00015
0.00076
0.00027
0.99999
1.00000
0.99999
1.00000
1.00000
0.99999
1.00000
1.00000
0.99999
0.99995
0.99996
0.99996
0.99997
0.99998
0.99997
0.99978
0.99999
0.99999
0.99299
0.99821
0.99994
0.93185
0.00000
0.00000
0.00000
0.00000
0.00000
0.00000
0.00000
0.00000
0.00000
0.00012
0.00006
0.00021
0.00026
0.99964
0.99813
0.99883
0.99988
0.99947
0.94466
0.98899
0.98992
0.90111
0.99433
0.98519
0.96616
0.98389
0.99551
0.97655
0.96923
0.99229
0.99313
0.03057
0.01642
0.01561
0.93276
0.97685
0.87378
0.00002
0.00081
0.00000
0.00000
0.00054
0.00040
0.00008
0.00005
0.00026
0.93315
0.79415
0.08303
0.00696
0.85075
0.00033
0.97972
0.00656
0.00059
0.00113
0.08022
0.00074
0.00046
0.00438
0.01206
0.03056
0.81610
0.00000
0.81623
0.02222
0.00981
0.00014
0.99988
0.99994
0.99990
0.99998
0.99990
0.99996
0.99997
0.99998
0.00010
0.00021
0.99017
0.98157
0.89012
0.99928
0.99632
0.99858
0.27712
0.18923
0.95715
0.00347
0.00040
0.00012
0.00001
0.00006
0.00000
0.00000
0.00000
0.14619
0.95087
0.73142
0.93364
0.96872
0.75937
0.96337
0.99883
0.95130
0.88119
0.00001
0.00000
0.00001
0.00251
0.00039
0.00001
0.00001
0.00000
0.00001
0.00000
0.00006
0.00020
0.00000
0.00000
0.00000
0.00000
0.00000
0.00001
0.00000
0.00563
0.00048
0.00003
0.00007
0.00000
0.00815
0.99960
0.99989
0.97899
0.96084
0.00296
0.02303
0.02427
0.00226
0.01059
0.00677
0.00214
0.00011
0.00013
0.00007
0.00009
0.00004
0.00051
0.00607
0.00000
0.00006
0.00000
0.00000
0.00000
0.00001
0.00001
0.00000
0.00000
0.00000
0.00000
0.00000
0.00055
0.00001
0.00001
0.00000
0.00000
0.00001
0.00007
0.99205
0.01307
0.00323
0.01499
0.00054
0.00000
0.00002
0.00001
0.00000
0.00000
0.99430
0.99856
0.99758
0.00000
0.99971
0.99313
0.00001
0.00004
0.00005
0.00000
0.00000
0.00000
0.00000
0.00000
0.00000
0.00000
0.00001
0.00002
0.00011
0.10074
0.00101
0.99999
0.99998
0.99997
0.99999
0.00013
0.00001
0.00046
0.99663
0.29275
0.99774
0.16678
0.45773
0.99978
0.00006
0.01303
0.99728
0.99551
0.99659
0.99303
0.55546
0.40347
0.97832
0.99857
0.99408
0.00005
0.00001
0.00006
0.00000
0.00003
0.00006
0.00065
0.00310
0.00126
0.00030
0.00160
0.00003
0.00041
0.00147
0.00042
0.00003
0.00002
0.00016
0.00131
0.99987
0.99692
0.88747
0.96960
0.97324
0.96331
0.99746
0.99875
0.95115
0.90991
0.99926
0.99995
0.99992
0.99999
0.99888
0.99908
0.99924
0.99730
0.55439
0.96590
0.00016
0.00247
0.00000
0.00000
0.00000
0.00000
0.00000
0.00023
0.25985
0.00105
0.00000
0.00000
0.00000
0.00000
0.00016
0.00000
0.00000
0.99984
0.99682
0.99257
0.99960
0.99998
0.99940
0.99929
0.99217
0.99932
0.99950
0.99999
0.00007
0.00484
0.00148
0.02158
0.99784
0.99973
0.99994
0.99987
0.99570
0.99999
0.99996
0.99993
0.98803
0.95570
0.00000
0.00000
0.00000
0.00000
0.00000
0.00000
0.00000
0.00002
0.00001
0.00001
0.00000
0.00001
0.00001
0.00002
0.00036
0.00387
0.00019
0.00017
0.00013
0.17737
0.99957
0.88293
0.99974
0.99848
0.80230
0.95313
0.00032
0.00367
0.00005
0.00003
0.20081
0.99949
0.99997
0.99927
0.99941
0.99998
0.99996
0.99952
0.99927
0.99833
0.99841
0.98863
0.98852
0.00050
0.00196
0.00044
0.00010
0.00043
0.03385
0.00694
0.09544
0.00133
0.04721
0.00067
0.00086
0.00001
0.00001
0.00000
0.00005
0.00029
0.00001
0.00005
0.99950
0.99968
0.99997
0.99998
0.99303
0.99999
0.99996
0.99958
0.99916
0.99976
0.99961
1.00000
0.00029
0.99997
0.99992
0.00005
0.00002
0.00103
0.00020
0.00000
0.00002
0.00952
0.00109
0.00139
0.00061
0.00001
0.99999
0.99990
0.00962
0.08114
0.00950
0.00034
0.00206
0.00001
0.00002
0.00000
0.00000
0.99996
1.00000
0.99998
1.00000
1.00000
1.00000
1.00000
1.00000
1.00000
1.00000
1.00000
1.00000
0.99941
0.99948
0.99997
0.99954
0.99928
1.00000
0.99934
0.99993
0.99998
0.99999
1.00000
1.00000
0.00018
0.00047
0.00007
0.00394
0.00001
0.00000
0.00000
0.00001
0.00217
0.00070
0.99797
0.00000
0.00000
0.00001
0.00000
0.00023
0.00000
0.00000
0.00001
0.00010
0.00046
0.00031
0.00017
0.00037
0.00715
0.00016
0.00268
0.02353
0.01157
0.00860
0.00967
0.00033
0.00043
0.00091
1.00000
1.00000
0.99583
1.00000
0.00011
0.00005
0.01233
0.04401
0.00841
0.00494
0.00063
0.00016
0.00055
0.01168
0.02000
0.01014
0.00036
0.00208
0.00023
0.00021
0.00027
0.00005
0.00085
0.00229
0.00048
0.00025
0.00445
0.00118
0.00019
0.00451
0.00129
0.04757
0.03405
0.00896
0.01179
0.93024
0.98756
0.00230
0.01511
0.00933
0.00496
0.00074
0.01180
0.01250
0.00134
0.00006
0.00001
0.00384
0.08650
0.00005
0.00369
0.00221
0.00238
0.00040
0.00029
0.00149
0.00010
0.00032
0.00382
0.00528
0.00685
0.00005
0.00000
0.00000
0.00001
0.00006
0.00002
0.00002
0.00000
0.00001
0.00000
0.00001
0.00247
0.00727
0.00648
0.00850
0.00029
0.00057
0.00007
0.00115
0.00186
0.00000
0.00004
0.00003
0.00000
0.00150
0.02955
0.00078
0.00007
0.00131
0.00007
0.03352
0.00054
0.00003
0.04075
0.00210
0.00163
0.00078
0.88177
0.93881
0.90803
0.00184
0.64771
0.00371
0.00526
0.00151
0.03215
0.00002
0.00010
0.00001
0.00006
0.00003
0.00075
0.00011
0.20791
0.00591
0.00315
0.00669
0.00195
0.99628
0.84910
0.97247
0.92672
0.01571
0.00156
0.01472
0.00224
0.00093
0.00058
0.00079
0.00623
0.01242
0.99772
0.98877
0.00174
0.00242
0.00108
0.02983
0.01013
0.01453
0.19405
0.20614
0.00007
0.00188
0.00217
0.22501
0.00036
0.00032
0.00015
0.00000
0.00008
0.49569
0.98235
0.69731
0.99964
0.99808
0.99931
0.99195
0.99790
0.99868
0.99648
0.78645
0.84683
0.86757
0.91496
0.97306
0.95828
0.24284
0.84895
0.92714
0.77538
0.00008
0.00000
0.00000
0.00005
0.00136
0.00033
0.00196
0.00004
0.00041
0.00012
0.00056
0.00474
0.01023
0.00622
0.00010
0.00010
0.00001
0.00023
0.00002
0.00008
0.00005
0.00249
0.00181
0.00002
0.00001
0.01245
0.00081
0.00001
0.00003
0.96997
0.00013
0.05329
0.00302
0.00058
0.00357
0.01692
0.00005
0.00000
0.00124
0.00004
0.00000
0.00000
0.00001
0.00000
0.00093
0.00013
0.99598
0.99676
0.02668
0.00218
0.00032
0.00114
0.00080
0.00046
0.02300
0.00596
0.00023
0.00102
0.00002
0.00005
0.00017
0.01312
0.00031
0.00014
0.00621
0.00001
0.00001
0.00193
0.00519
0.00104
0.00000
0.00000
0.00001
0.00000
0.00419
0.00012
0.00005
0.00034
0.00022
0.00023
0.00158
0.00152
0.00000
0.00000
0.00000
0.00000
0.00001
0.00000
0.00000
0.00002
0.00117
0.00784
0.00103
0.00017
0.00002
0.00000
0.00008
0.00046
0.00003
0.01130
0.00123
0.00163
0.00001
0.00189
0.00001
0.00002
0.00002
0.00003
0.00085
0.00247
0.00142
0.00001
0.00326
0.98564
0.00048
0.00012
0.00011
0.00002
0.00002
0.00063
0.00147
0.00020
0.01383
0.00000
0.00047
0.00062
0.00140
0.00027
0.00040
0.00015
0.00003
0.00002
0.00127
0.00013
0.00000
0.00000
0.00000
0.00008
0.00000
0.00000
0.00000
0.00010
0.00011
0.00001
0.00001
0.00001
0.00000
0.00003
0.00004
0.00010
0.00147
0.00007
0.00190
0.00017
0.00037
0.00000
0.00000
0.00021
0.00011
0.00007
0.00165
0.00003
0.00023
0.00000
0.00033
0.00019
0.69430
0.00065
0.00010
0.00001
0.00044
0.00078
0.60250
0.00004
0.97708
0.98781
0.97641
0.95873
0.00062
0.00018
0.00003
0.00004
0.00000
0.94862
0.96643
0.00072
0.00099
0.00002
0.00006
0.00015
0.00007
0.00025
0.00007
0.00017
0.00007
0.00016
0.00039
0.00016
0.00000
0.00001
0.00007
0.00006
0.00001
0.01260
0.00046
0.00006
0.00005
0.00110
0.00016
0.00048
0.00061
0.00042
0.00099
0.00090
0.00022
0.99990
0.94233
0.11012
0.84329
0.34104
0.20580
0.00623
0.00000
0.00000
0.00000
0.00000
0.00014
0.00007
0.00001
0.00008
0.00004
0.00001
0.00000
0.00649
0.96175
0.98084
0.00009
0.00000
0.00000
0.00014
0.00122
0.00160
0.00009
0.00000
0.00000
0.00098
0.00001
0.02578
0.98914
0.99892
0.99999
0.99993
0.99986
0.99952
0.99997
0.99736
0.99882
0.99909
0.99998
0.99994
0.99997
0.00202
0.00166
0.00079
0.00140
0.00178
0.00322
0.00031
0.00031
0.03284
0.00484
0.01181
0.01788
0.01731
0.00233
0.00724
0.00067
0.00254
0.00250
0.01768
0.04511
0.00018
0.00638
0.00472
0.00009
0.00076
0.00002
0.00011
0.00006
0.00009
0.00016
0.00057
0.00321
0.00263
0.00248
0.00090
0.00899
0.00203
0.00080
0.00098
0.00255
0.00154
0.11688
0.02392
0.99998
0.99995
0.99991
0.99993
0.00000
0.00000
0.00000
0.99995
0.99853
0.99999
0.99573
0.99998
0.00002
0.00004
0.00014
0.00023
0.00000
0.00005
0.00003
0.00003
0.00021
0.00012
0.00026
0.00018
0.00001
0.00004
0.00003
0.00003
0.00008
0.00008
0.00015
0.00010
0.00045
0.02517
0.00011
0.00006
0.99995
0.99995
1.00000
0.99999
1.00000
1.00000
1.00000
1.00000
0.99997
1.00000
1.00000
1.00000
0.99955
0.99940
0.99995
1.00000
0.99992
0.99988
0.99886
0.99919
0.99915
0.99913
0.98721
0.99666
0.00212
0.00218
0.00015
0.00634
0.00919
0.04995
0.00001
0.00000
0.00000
0.00004
0.00011
0.05511
0.03131
0.00023
0.00045
0.00072
0.00045
0.00461
0.99553
0.99911
0.92865
0.56867
0.00002
0.00001
0.00004
0.00204
0.00193
0.99795
0.99927
0.99967
0.99631
0.17070
0.01827
0.01557
0.00759
0.99760
0.99635
0.01240
0.00017
0.00068
0.00129
0.00171
0.00223
0.00115
0.00778
0.01490
0.00134
0.00000
0.09304
0.29034
0.27162
0.95757
0.98689
0.00348
0.20993
0.00000
0.00007
0.00055
0.00112
0.00000
0.00000
0.00001
0.00002
0.00001
0.00000
0.00000
0.00000
0.00000
0.00000
0.00000
0.00000
0.00000
0.00000
0.00003
0.00001
0.99808
0.99933
0.99974
0.99963
1.00000
0.99999
0.99997
0.99924
0.99973
0.99997
0.99987
0.99999
0.00000
0.00000
0.99993
0.99990
0.99989
0.99943
0.99932
0.98746
0.99676
0.99882
0.98516
0.99809
0.99904
0.99987
0.99974
0.99852
0.99957
0.99785
0.99931
0.99885
0.99939
0.99741
0.98237
0.99940
0.99648
0.97124
0.99728
0.98826
0.99965
0.99846
0.99974
0.99422
0.00000
0.00014
0.00000
0.00003
0.00001
0.00002
0.00002
0.00001
0.00000
0.00001
0.99973
0.99490
0.99972
0.00000
0.99433
0.99982
0.99205
0.96051
0.99901
0.99973
0.95582
0.99954
0.99442
0.99650
0.99870
0.99997
0.99991
0.99998
0.99999
0.99996
0.99998
0.99985
0.99993
0.99991
0.99990
0.99989
0.99996
0.99950
0.99726
0.99954
0.99918
0.99982
0.99998
0.99959
0.99974
0.99841
0.99910
0.99855
0.96930
0.99978
0.99936
0.99924
0.99925
0.99981
0.99734
0.99915
0.99698
0.99646
0.98975
0.99973
0.00000
0.00000
0.00000
0.00001
0.00000
0.00000
0.00000
0.00003
0.00000
0.00000
0.98988
0.99021
0.99330
0.00000
0.00005
0.00008
0.00001
0.00000
0.99999
0.99974
0.99999
0.99936
0.99612
1.00000
0.99999
0.99999
0.99999
0.97457
0.99995
0.99999
1.00000
0.92891
0.00015
0.00011
0.00089
0.00064
0.00004
0.00026
0.00003
0.00005
0.00001
0.00235
0.99997
0.00528
0.00052
0.00108
0.00059
0.00802
0.00303
0.00768
0.01877
0.01348
0.00000
0.99888
0.00001
0.99970
0.99999
0.99996
0.99961
0.99945
0.99998
0.99971
1.00000
0.99989
0.99999
0.99999
0.99991
0.99979
0.99838
0.99891
0.99590
0.99725
0.99845
0.99993
0.99926
0.99949
0.99993
0.99992
0.99936
0.99990
0.99936
0.99466
0.99951
0.00193
0.00547
0.00010
0.00012
0.00066
0.00001
0.00026
0.98734
0.99981
0.89193
0.99999
1.00000
0.00004
0.00914
0.00068
0.00011
0.00034
0.00185
0.00021
0.00033
0.00824
0.00024
0.00018
0.00099
0.00575
0.01131
0.00018
0.00001
0.00002
0.00004
0.00000
0.00001
0.00005
0.00000
0.00015
0.00001
0.00026
0.00023
0.00000
0.00044
0.99988
0.99941
0.99992
0.99995
0.99998
0.99971
0.99994
0.99935
0.99980
0.99991
0.99979
0.99902
0.99842
0.99808
0.99856
0.99988
0.99954
0.99954
0.99952
0.99848
0.99998
1.00000
0.99998
1.00000
1.00000
1.00000
1.00000
1.00000
0.99985
0.99974
0.00001
0.00004
0.00000
0.00003
0.00008
0.00002
0.00019
0.00000
0.00002
0.00018
0.00009
0.00008
0.00029
0.00141
0.99999
0.99994
1.00000
0.99996
1.00000
1.00000
0.99558
0.99953
0.99974
0.99998
0.99891
0.99954
0.96649
0.41123
0.97234
0.93540
0.28231
0.99741
0.99269
0.99371
0.22963
0.07628
0.29847
0.99986
0.00020
0.00034
0.00002
0.00002
0.00086
0.00003
0.00002
0.00119
0.00681
0.00010
0.00002
0.00001
1.00000
1.00000
1.00000
1.00000
1.00000
0.99999
1.00000
1.00000
1.00000
1.00000
1.00000
1.00000
1.00000
0.99999
1.00000
1.00000
1.00000
0.99999
0.99999
1.00000
1.00000
1.00000
1.00000
1.00000
1.00000
1.00000
1.00000
0.99998
0.99998
0.99996
0.99989
0.99821
1.00000
1.00000
1.00000
0.98042
0.98810
0.10132
0.24069
0.99855
0.99732
0.00243
0.00016
0.00034
0.00008
0.00071
0.00563
0.00060
0.00022
0.00032
0.00029
0.00076
0.00005
0.00012
0.00028
0.00015
0.00017
0.00003
0.00005
0.00000
0.00000
1.00000
1.00000
1.00000
1.00000
0.99995
1.00000
0.99969
0.99999
0.99979
1.00000
0.99999
0.99999
0.99337
0.99999
0.99961
0.99944
0.99698
0.99953
0.99797
0.99969
0.99839
0.99764
0.99991
0.12282
0.00026
0.00001
0.99608
0.98586
1.00000
0.99998
0.96868
0.99999
0.99999
1.00000
1.00000
1.00000
0.99999
0.99997
0.99992
0.99993
0.99998
0.99893
0.99936
0.99940
0.98312
0.93411
0.99999
0.99995
0.99879
0.98883
0.99899
0.99853
0.99844
0.99847
1.00000
0.99998
0.99982
1.00000
0.00001
0.00000
0.00000
0.00000
0.00000
0.00002
1.00000
1.00000
1.00000
1.00000
1.00000
1.00000
1.00000
1.00000
1.00000
0.99999
1.00000
1.00000
1.00000
1.00000
0.99998
0.99999
1.00000
1.00000
1.00000
1.00000
1.00000
1.00000
1.00000
1.00000
1.00000
1.00000
1.00000
1.00000
1.00000
1.00000
0.00510
0.00624
0.00002
0.99807
0.99999
0.99999
0.99999
0.99998
1.00000
0.99999
0.00175
0.00123
0.32267
0.97688
0.89791
0.99972
0.00151
0.01332
0.00118
0.00046
0.00034
0.62933
0.37538
0.00240
0.00002
0.00065
0.00008
0.00084
0.00711
0.01070
0.00544
1.00000
1.00000
0.00001
0.00007
0.00001
0.00001
0.00001
0.00005
0.99703
0.98730
0.92737
0.00036
0.00007
0.00054
0.00215
0.99298
0.65668
0.99490
0.92130
0.99764
0.00003
0.00005
0.00013
0.00003
0.99969
0.97947
0.96011
0.98600
0.99739
0.00001
0.00004
0.00000
0.00029
0.00119
0.00000
0.00000
0.00000
1.00000
1.00000
1.00000
1.00000
1.00000
1.00000
0.99996
0.99097
0.99732
0.99867
1.00000
0.99994
1.00000
1.00000
1.00000
0.99979
0.99997
1.00000
1.00000
1.00000
1.00000
1.00000
0.98605
0.99527
0.99995
1.00000
1.00000
1.00000
0.99998
0.99999
0.99999
0.99983
1.00000
1.00000
1.00000
1.00000
1.00000
1.00000
1.00000
0.98875
0.99999
1.00000
1.00000
1.00000
1.00000
1.00000
1.00000
0.00007
0.00000
0.00001
0.00000
0.00002
1.00000
1.00000
1.00000
1.00000
1.00000
1.00000
1.00000
1.00000
1.00000
0.99999
1.00000
0.99999
0.99999
0.99997
1.00000
1.00000
1.00000
0.99999
0.99757
0.79383
0.03702
0.93103
0.99813
0.22882
0.07133
0.00544
0.32672
0.99954
0.99981
0.99991
0.99981
0.99967
0.99902
0.99134
0.00944
0.13839
0.11002
0.34392
0.99274
0.99997
0.99981
0.99846
0.99981
0.00000
0.00000
0.00089
0.00198
0.05995
0.00062
0.00064
0.00000
0.00000
0.00000
0.00000
0.00000
0.00000
0.20500
0.99054
0.99972
0.93622
0.99762
0.00013
0.00307
0.00427
0.00066
0.63257
0.99708
0.99494
0.98593
0.99396
0.99535
0.86752
0.97819
0.00165
0.00197
0.99946
0.98101
0.94767
0.00004
0.00002
0.00002
0.00003
0.00002
0.00000
0.00001
0.00968
0.00278
0.01311
0.05438
0.00359
0.67920
0.90090
0.00003
0.00052
0.00011
0.00105
0.00000
0.00000
0.00021
0.00000
0.00000
0.07228
0.33150
0.91157
0.55948
0.35241
0.00002
0.00001
0.00093
0.00214
0.00241
0.82046
0.00000
0.00001
0.00001
0.00001
0.00001
0.00003
0.00000
0.00000
0.00023
0.00000
0.00000
0.00000
0.00000
0.00001
0.00074
0.00029
0.99604
0.75467
0.99531
0.99777
0.00129
0.00184
0.00007
0.00235
0.99184
0.99950
0.99289
0.02152
0.00160
0.00012
0.00061
0.98093
0.99787
0.97537
0.99998
0.99911
0.00000
0.99301
0.00217
0.00004
0.00005
0.00023
0.99971
0.99867
0.99898
0.52452
0.97882
0.96221
0.99144
0.99852
0.98393
0.00140
0.00329
0.00034
0.00005
0.00008
0.00130
0.00035
0.00141
0.00098
0.00011
0.00000
0.00000
0.00000
0.00000
0.00000
0.00000
0.00000
0.00000
0.00000
0.00000
0.00167
0.00070
0.00102
0.00020
0.60712
0.96836
0.98909
0.99510
0.99790
0.00003
0.00022
0.00368
0.00101
0.78865
0.94194
0.00007
0.00027
0.00034
0.00005
0.00008
0.00034
0.99928
0.00030
0.00346
0.00062
0.00523
0.00004
0.00018
0.00003
0.00023
0.00618
0.02627
0.00969
0.00908
0.00281
0.02249
0.97688
0.00174
0.99996
0.99994
0.99852
0.99615
0.99611
0.99854
0.99620
0.99988
0.99576
0.99866
0.99954
0.99960
0.95540
0.99671
0.00215
0.00546
0.00086
0.00017
0.00034
0.00011
0.00726
0.00655
0.02207
0.94370
0.01468
0.00031
0.00011
0.00004
0.00001
0.00063
0.00024
0.00006
0.00016
0.00000
0.00001
0.00001
0.00000
0.00005
0.00001
0.00003
0.00002
0.00002
0.00005
0.00001
0.00027
0.00043
0.00012
0.00003
0.00093
0.00406
0.00427
0.00101
0.00001
0.00054
0.00042
0.00144
0.00758
0.00307
0.03361
0.00214
0.00502
0.00408
0.03776
0.02114
0.01011
0.00185
0.00535
0.00061
0.99999
1.00000
1.00000
0.99994
0.99970
1.00000
0.99984
0.99990
0.99990
0.99991
0.99991
0.99995
0.96334
0.99848
0.99951
0.99974
0.99832
0.99440
0.99960
0.99758
0.50523
0.61463
0.97193
0.95761
0.00479
0.96100
0.99747
0.00506
0.00172
0.99955
0.99986
0.99926
1.00000
0.99996
1.00000
0.99999
1.00000
1.00000
1.00000
0.02198
0.00035
0.00237
0.00314
0.06273
0.00758
0.42859
0.00081
0.99531
0.98831
0.98036
0.96456
0.99657
0.00000
0.00002
0.00014
0.00000
0.00006
0.00007
0.00003
0.00930
0.00307
0.00603
0.01855
0.00538
0.00247
0.00362
0.01499
0.00604
0.00042
0.00177
0.00265
0.00383
0.00067
0.08210
0.75618
0.79376
0.00563
0.08193
0.01007
0.00747
0.99949
0.00009
0.00015
0.00003
0.00007
0.99362
0.00044
0.00228
0.00018
0.00013
0.00018
0.00384
0.01529
0.00032
0.99947
0.99360
0.99988
0.99998
0.99998
0.99347
0.02895
0.04098
0.95398
0.18849
0.00017
0.00002
0.00031
0.00003
0.00002
0.00012
0.00709
0.00939
0.09540
0.72678
0.00017
0.00193
0.10167
0.00213
0.00802
0.04944
0.00910
0.00130
0.00176
0.00048
0.56473
0.29783
0.56412
0.97603
0.99564
0.99966
0.88953
0.99415
0.85710
0.00003
0.00002
0.97818
0.96423
0.09741
0.83884
0.26508
0.95092
0.98288
0.84447
0.96507
0.92286
0.88431
0.86963
0.99934
0.99805
0.99864
0.10691
0.99589
0.99764
0.74210
0.77024
0.34928
0.00080
0.05111
0.05378
0.10284
0.04078
0.01567
0.00585
0.00516
0.12215
0.00021
0.00043
0.00108
0.00048
0.02443
0.11016
0.02322
0.05873
0.03302
0.06665
0.06243
0.07088
0.02376
0.09273
0.05454
0.81371
0.87187
0.87663
0.00001
0.00001
0.00205
0.97434
0.97471
0.98865
0.98843
0.00419
0.01134
0.13552
0.21542
0.27235
0.05040
0.00233
0.01551
0.00033
0.00394
0.99363
0.99766
0.99975
0.98765
0.99740
0.99987
0.28672
0.79838
0.04345
0.61244
0.82869
0.00152
0.00020
0.00060
0.00017
0.00188
0.00141
0.00122
0.00508
0.00423
0.00027
0.00005
0.01251
0.02068
0.00030
0.21208
0.00013
0.00189
0.00473
0.00373
0.00000
0.00000
0.00001
0.00006
0.00003
0.00001
0.00006
0.00275
0.00033
0.00005
0.00040
0.00001
0.00001
0.00000
0.00000
0.00038
0.00002
0.00008
0.00004
0.00001
0.00001
0.00001
0.00003
0.00047
0.00616
0.00976
0.00105
0.00001
0.00003
0.00007
0.00010
0.00006
0.00051
0.00026
0.00013
0.00026
0.99500
0.00074
0.92826
0.92890
0.99489
0.89852
0.99650
0.99787
0.04005
0.01070
0.05939
0.01510
0.00011
0.00060
0.00007
0.01340
0.00013
0.00044
0.00126
0.00294
0.00138
0.01041
0.00447
0.01216
0.02905
0.17707
0.00036
0.00168
0.00066
0.00130
0.00304
0.05731
0.00006
0.92910
0.99071
0.00011
0.00330
0.07179
0.11496
0.89485
0.91904
0.00118
0.02756
0.04521
0.10471
0.47826
0.08875
0.20561
0.41680
0.00503
0.00010
0.00001
0.00242
0.00603
0.19078
0.04973
0.00167
0.00013
0.00040
0.00002
0.00001
0.00000
0.00000
0.00001
0.00001
0.06129
0.12033
0.00296
0.00162
0.01007
0.03066
0.03171
0.06131
0.00076
0.00002
0.00001
0.00012
0.00242
0.00006
0.00704
0.00202
0.00001
0.00011
0.00006
0.00009
0.00299
0.00001
0.00061
0.00144
0.00063
0.00031
0.00007
0.00008
0.00018
0.00070
0.00018
0.00003
0.00017
0.00044
0.00054
0.00940
0.00131
0.00096
0.00081
0.00185
0.02160
0.02641
0.01590
0.00207
0.01169
0.04721
0.03042
0.01456
0.22422
0.00411
0.01145
0.00453
0.00905
0.04052
0.00020
0.00075
0.00253
0.00004
0.00443
0.00064
0.00146
0.00056
0.00077
0.08037
0.99949
0.76212
0.93942
0.73946
0.99895
0.99978
0.99863
0.07851
0.99335
0.67850
0.00336
0.01650
0.00044
0.00241
0.00145
0.00015
0.00003
0.00039
0.00020
0.00111
0.00002
0.00076
0.00074
0.00001
0.00001
0.00000
0.92022
0.99768
0.99912
0.99888
0.99773
0.98900
0.98739
0.00438
0.00222
0.00429
0.00027
0.00031
0.00107
0.00162
0.00060
0.00117
0.00735
0.00095
0.04657
0.02704
0.00477
0.01734
0.96767
0.02808
0.00470
0.00189
0.00090
0.00570
0.99793
0.99083
0.99863
0.99474
0.99519
0.98863
0.99764
0.99871
0.99941
0.98435
0.00629
0.00050
0.00974
0.01212
0.00430
0.04232
0.00001
0.08248
0.02860
0.98487
0.95228
0.26805
0.82024
0.10067
0.00540
0.01317
0.00255
0.00163
0.83143
0.00028
0.00004
0.02028
0.00290
0.00077
0.00122
0.02338
0.14814
0.15086
0.15969
0.03544
0.16898
0.00155
0.00002
0.02148
0.89722
0.99449
0.93261
0.98603
0.00002
0.00020
0.00544
0.01104
0.01389
0.98736
0.97774
0.02101
0.00004
0.00021
0.00001
0.00000
0.99722
0.00031
0.00018
0.00001
0.00015
0.00000
0.00001
0.01771
0.99552
0.99696
0.00422
0.00060
0.12728
0.03114
0.13677
0.05888
0.88114
0.92427
0.97496
0.40263
0.00466
0.99998
0.99916
0.99997
0.99927
0.99976
0.99901
0.99913
0.99524
0.98008
0.99543
0.99252
0.98060
0.01237
0.00638
0.01841
0.00546
0.97457
0.99956
0.99953
0.00330
0.00589
0.00049
0.99867
0.99977
0.98658
0.99703
0.95426
0.97442
0.00002
0.00000
0.26530
0.75471
0.61935
0.00098
0.00018
0.00016
0.00012
0.00047
0.00030
0.00600
0.00032
0.00007
0.00027
0.08573
0.72851
0.98271
0.99963
0.99776
0.08111
0.41240
0.97367
0.00014
0.00013
0.00018
0.01452
0.00003
0.00042
0.00009
0.00056
0.00050
0.00040
0.00033
0.00004
0.00005
0.00000
0.00005
0.00000
0.21133
0.01750
0.01971
0.00384
0.99567
0.99994
0.91106
0.99987
0.98907
0.15605
0.97826
0.00947
0.00367
0.00180
0.00017
0.00384
0.99765
0.99955
0.99942
0.98548
0.98562
0.99876
0.98626
0.89315
0.98615
0.00019
0.00008
0.05931
0.00015
0.01138
0.00013
0.97739
0.07284
0.99542
0.93116
0.68402
0.95288
0.43900
0.99734
0.57865
0.98788
0.99575
0.00159
0.00255
0.98336
0.12935
0.00394
0.00341
0.03199
0.98916
0.00310
0.00761
0.13392
0.00003
0.00002
0.02584
0.21852
0.99163
0.98005
0.99896
0.93756
0.98017
0.99591
0.99469
0.51472
0.00010
0.00055
0.00222
0.97839
0.99983
0.99910
0.99803
0.99411
0.00356
0.09215
0.00075
0.00405
0.01159
0.99872
0.00102
0.00062
0.00119
0.00004
0.00006
0.00003
0.00001
0.00006
0.00002
0.00002
0.00001
0.00029
0.00004
0.00041
0.01700
0.01070
0.00350
0.00046
0.01279
0.00446
0.00002
0.00006
0.00017
0.00061
0.03294
0.99512
0.05693
0.99999
1.00000
0.99961
0.99999
0.00001
0.00001
0.00033
0.00401
0.00323
0.00172
0.98177
0.99172
1.00000
0.00017
0.00035
0.00001
0.00012
0.00011
0.00002
0.00037
0.00001
0.00071
0.00001
0.00000
0.00000
0.00000
0.00091
0.00018
0.00000
0.00002
0.00036
0.00000
0.00000
0.00020
0.00022
0.00027
0.00030
0.00000
0.00008
0.00025
0.00001
0.00026
0.00009
0.00014
0.00025
0.00666
0.00143
0.00048
0.00007
0.00117
0.00134
0.00029
0.00043
0.00034
0.00067
0.00031
0.00005
0.00002
0.00004
0.00000
0.00003
0.00000
0.99996
0.99951
1.00000
0.99995
0.99999
1.00000
0.99992
0.99997
0.99996
0.99995
0.99999
0.99991
0.99946
0.99992
0.99861
0.99940
0.99761
0.99761
0.99988
0.00001
0.00001
0.10631
0.00000
0.00565
0.00008
0.00006
0.00010
0.00022
0.00030
0.00001
0.99996
0.99998
0.99990
0.32593
0.99963
0.99977
0.99954
0.99976
1.00000
1.00000
0.99996
1.00000
1.00000
0.99725
0.99687
0.31560
0.92530
0.00000
0.98195
0.98790
0.99969
0.99868
0.99977
0.99965
0.99996
0.99986
0.00008
0.00022
0.00184
0.00959
0.11216
0.97320
0.00283
0.03414
0.00028
0.00172
0.00122
0.00031
0.99769
0.17784
0.99928
0.99891
0.99995
0.99916
0.99989
0.99926
0.98489
0.99448
0.73414
0.99888
0.99357
0.80984
0.99998
0.99996
0.99596
0.99643
0.99423
0.99440
0.99858
0.98507
0.99970
0.99902
0.99900
0.99981
0.99975
0.00047
0.00106
0.00408
0.00181
0.45171
0.00113
0.00406
0.00334
0.00650
0.00057
0.00087
0.00169
0.02021
0.00021
0.00003
0.00024
0.00012
0.00005
0.00008
0.00024
0.00073
0.00004
0.99445
0.00025
0.00119
0.01157
0.00277
0.00627
0.00001
0.00000
0.00010
0.01592
0.00000
0.00000
0.00006
0.00011
0.00000
0.00000
0.78382
0.99427
0.96742
0.00016
0.00062
0.99331
0.99789
0.99459
0.97832
0.99999
0.99989
0.99810
0.99996
0.99938
0.99998
1.00000
0.99983
0.99642
0.99996
1.00000
1.00000
1.00000
1.00000
1.00000
0.99997
0.99999
0.00020
0.99995
0.98352
0.99312
0.99362
0.99616
0.99940
0.99944
0.99966
0.99826
0.99718
0.99950
0.97778
0.98222
0.99930
0.98799
0.99879
0.99857
0.99875
0.99981
0.99977
0.99920
0.99999
0.99972
0.99332
0.99470
0.99989
0.99971
0.99995
0.00066
0.00236
0.00588
0.00006
0.99946
0.99967
0.99222
0.00001
0.00002
0.00001
0.00001
0.00002
0.00000
0.00001
0.00236
0.00280
0.00027
0.00006
0.00104
0.00044
0.00095
0.00014
0.07995
0.00115
0.00386
0.00160
0.09898
0.89111
0.88086
0.98492
0.99393
0.99856
0.99996
0.99999
0.99999
0.99928
0.99801
0.00001
0.00000
0.00000
0.00001
0.00003
0.99998
0.00778
0.00174
0.00128
0.00433
0.00093
0.00005
0.00014
0.99999
0.99999
0.99068
0.99994
1.00000
0.99999
0.99997
0.99988
0.99812
0.99997
0.99773
0.99379
0.99920
0.02060
0.00001
0.00482
0.99809
0.99964
0.00004
0.00001
0.00004
0.00002
0.99233
0.99885
0.99976
0.99867
0.99433
0.00010
0.99353
0.00007
0.99974
0.99985
0.99996
0.00064
0.00021
0.00023
0.00527
0.00022
0.00010
0.00014
0.00006
0.00009
0.00079
0.99871
0.00260
0.00367
0.01734
0.00083
0.01517
0.99992
0.99895
0.99965
0.00005
0.99995
0.99978
0.99993
0.99996
0.99999
0.99980
0.99999
1.00000
0.99756
0.99989
0.99795
0.99710
1.00000
1.00000
0.00002
0.01458
0.00029
0.01219
0.00004
0.00003
0.00001
0.00000
0.00002
0.00006
0.44596
0.99974
0.99999
0.74953
0.99621
0.00200
0.00003
0.93268
0.99837
0.00004
0.00000
0.00000
0.00001
0.00000
0.00000
0.00000
0.00001
0.00000
0.00001
0.00001
1.00000
0.99998
1.00000
0.99996
1.00000
0.99408
1.00000
1.00000
0.99473
0.99646
0.99492
0.99731
0.99984
0.99860
0.99800
0.99875
0.00001
0.00001
0.00001
0.00005
0.00002
0.00120
0.00017
0.96470
0.99985
0.95060
0.00112
0.00250
0.00029
0.00221
0.03473
0.99127
0.00004
0.00090
0.00133
0.00005
0.00001
0.95817
0.00113
0.99970
0.00048
0.00015
1.00000
0.99985
0.99632
1.00000
1.00000
0.99898
0.99862
0.99870
0.99782
0.99630
0.99999
0.99535
0.99997
0.00002
0.00005
0.00005
0.00039
0.00005
0.00008
0.00011
0.00006
0.99998
1.00000
0.99997
0.99998
0.00602
0.24977
0.00039
0.00029
0.00060
0.00011
0.00004
0.01028
1.00000
0.99989
0.00004
0.00004
0.00010
0.01087
0.00216
0.00007
0.00002
1.00000
0.99999
0.99998
0.00003
0.00549
0.00005
1.00000
0.99998
0.99999
1.00000
1.00000
1.00000
0.00029
0.00044
0.00043
0.00028
0.00395
0.00051
0.00021
0.01620
0.00036
0.00001
0.00001
0.00000
0.00000
0.00005
0.00209
0.00220
0.00000
0.00009
0.00002
0.00027
0.00003
0.00000
1.00000
1.00000
0.99997
0.99932
0.99999
0.99997
0.99993
0.99940
0.99984
0.99998
0.99999
0.99999
0.99999
0.99919
0.98065
0.99983
0.99994
0.99010
0.99998
0.99995
0.99949
0.99988
0.99986
0.99981
0.99998
0.99999
0.00013
0.00006
0.83116
0.15496
0.05059
0.00024
0.00007
1.00000
0.99973
0.99861
1.00000
0.99949
0.99984
0.99999
0.99962
0.00021
0.00007
1.00000
1.00000
1.00000
1.00000
1.00000
1.00000
0.98645
0.99995
0.99997
0.99999
0.99996
1.00000
0.98519
0.99928
0.99945
0.99988
0.99980
0.98907
0.99973
0.99471
0.98712
0.99425
0.99413
0.98218
0.99120
0.97795
0.99989
0.99855
0.99829
0.99936
0.99853
0.99684
0.99988
0.99852
1.00000
1.00000
1.00000
1.00000
1.00000
1.00000
0.00037
0.00020
0.00005
0.00006
1.00000
1.00000
1.00000
1.00000
0.99541
0.99997
0.99228
0.99593
0.00019
0.99992
0.99999
0.99998
0.99994
0.97449
0.98056
0.99992
0.00020
0.00980
0.99298
0.98530
0.03656
0.03462
0.00103
0.99867
0.99914
0.00510
0.99633
0.00333
0.00123
0.00149
0.00105
0.00205
0.00011
1.00000
0.99995
0.00172
0.00157
0.00010
0.00342
0.00014
0.00544
0.00052
0.00384
1.00000
1.00000
0.99999
0.99895
0.00000
0.00000
0.00000
0.00000
0.00000
0.00000
0.99998
0.99999
0.99999
0.99998
0.00043
0.02341
0.00011
0.00008
0.00060
0.00001
0.00000
0.00000
0.00512
0.00005
0.00005
0.00091
0.00850
1.00000
0.99859
0.99367
0.99932
0.99880
0.99996
0.99999
0.05948
0.00015
0.00060
0.00010
0.00025
0.00077
0.00120
0.99998
0.99362
0.99881
0.99935
0.00001
0.00007
0.00059
0.00000
0.00001
0.00025
0.13983
0.99748
0.99793
0.97357
0.09003
0.10450
0.01309
0.08522
0.99610
0.76735
0.94574
0.34001
0.99999
0.18738
1.00000
0.99999
1.00000
1.00000
1.00000
0.99999
0.99989
0.99999
0.99999
0.99973
0.70922
0.99628
0.99740
0.91992
0.99632
0.03629
0.58254
0.00032
0.99323
0.00015
0.00016
0.95398
0.99090
0.00012
0.00003
0.00006
0.00000
0.00002
0.00003
0.00092
0.00012
0.00041
0.00068
0.00067
0.00104
0.99977
0.99805
0.99720
0.99842
0.99998
0.99991
0.99432
0.99999
0.99927
1.00000
0.99990
0.99999
0.04364
0.99999
0.99995
0.99982
0.99998
0.03595
0.00000
0.00019
0.00185
0.21200
0.00048
0.00299
0.00001
0.00000
0.01140
0.02810
0.00033
0.00080
0.00001
0.97141
0.99435
0.00698
0.93230
0.97487
0.80521
0.99735
0.98811
0.98567
0.98445
0.88409
0.97508
0.97838
0.99858
0.99822
0.99958
0.99906
0.84934
0.99984
0.99952
0.99950
0.97251
0.98954
0.99386
0.98495
0.98164
0.51357
0.96353
0.97060
0.92312
0.98643
0.99709
0.99989
0.99954
0.97044
0.99964
0.10926
0.05357
0.04848
0.00081
0.02853
0.01086
0.00901
0.00317
0.00410
0.00201
0.00267
0.00882
0.00707
0.00132
0.00329
0.00161
0.00124
0.00536
0.00043
0.99980
0.99992
0.99932
0.00172
0.00063
0.99942
0.99449
0.99993
0.99901
0.00093
0.00047
0.00116
0.00002
0.00002
0.00088
0.00455
0.00006
0.98853
0.99949
0.97026
0.97758
0.84782
0.00003
0.00003
0.00200
0.00069
0.00584
0.00038
0.00011
0.00170
0.00005
0.00005
0.00000
0.00001
0.00000
0.00000
0.00009
0.00000
0.00010
0.00078
0.00001
0.00000
0.00002
0.00064
0.00011
0.00008
0.00002
0.99670
0.99725
0.99988
0.02566
0.03475
0.00085
0.00050
0.00019
0.00125
0.27972
0.00025
0.00001
0.00005
0.00003
0.00001
0.10458
0.00019
0.07755
0.00569
0.00017
0.00027
0.00003
0.00006
0.00002
0.00118
0.00007
0.02396
0.01211
0.99951
0.99913
0.99887
0.99928
0.99991
0.99792
0.99997
0.99996
0.99985
0.99933
0.99957
0.99787
0.99500
0.97410
0.86681
0.00001
1.00000
1.00000
0.99961
0.99783
0.95944
0.00000
0.95588
0.99949
0.99993
0.00004
0.00000
0.00000
0.00003
0.00163
0.00002
0.00001
0.00001
0.00027
0.00020
0.00015
0.00009
0.00026
0.00006
0.00005
0.00031
0.00252
0.00203
0.00098
0.00023
0.00004
0.00232
0.00846
0.00470
0.00992
0.00502
0.00410
0.00001
0.00003
0.98844
0.99182
0.00085
0.00264
0.00189
0.00005
0.00007
0.00380
0.00052
0.00061
0.02768
0.00004
0.00085
0.00001
0.00144
0.00002
0.00001
0.00005
0.00001
0.96820
0.00122
0.00398
0.00091
0.00357
0.00022
0.00002
0.00011
0.00090
0.00311
0.01023
0.01974
0.06565
0.01181
0.83466
0.99084
0.93671
0.88431
0.00683
0.00290
0.00037
0.00031
0.00548
0.00330
1.00000
1.00000
0.00152
0.00087
0.04864
0.01519
0.00861
0.01448
0.00305
0.01031
0.01410
0.01226
0.00373
0.00011
0.00007
0.98500
0.96823
0.98793
0.99173
0.99386
0.99872
0.98241
0.99892
0.99494
0.97956
0.00418
0.98738
0.95817
0.99906
0.99728
0.99883
0.03969
0.99905
0.99987
0.99752
0.95432
0.00024
0.00159
0.97932
0.31886
0.00353
0.00036
0.00178
0.00099
0.00075
0.00098
0.97948
0.96355
0.00029
0.00017
0.22176
0.00085
0.00019
0.00032
0.00015
0.00016
0.00073
0.00050
0.05949
0.02985
0.00691
0.03624
0.00046
0.00004
0.00136
0.00066
0.00722
0.01852
0.00094
0.00118
0.00042
0.00063
0.99711
0.04719
0.99949
0.01665
0.00602
0.00032
0.00061
0.00014
0.00449
0.00773
0.00013
0.88498
0.96323
0.00020
0.00002
0.00036
0.00043
0.00001
0.00001
0.00001
0.00067
0.00007
0.97931
0.02924
0.43610
0.00300
0.01236
0.00016
0.00089
0.00043
0.00094
0.00024
0.99701
0.99821
0.00013
0.00119
0.00059
0.00095
0.99971
0.99577
0.99996
0.02632
0.00506
0.99993
0.99857
0.99495
0.99984
0.99587
0.00141
1.00000
0.99997
0.99996
0.99999
0.99995
0.00505
0.99918
0.99964
0.00000
0.00003
0.00000
0.00000
0.00017
0.00000
0.00000
0.00000
0.05812
0.00004
0.00030
0.00001
0.00002
0.45743
0.05900
0.01236
0.00163
0.00022
0.00027
0.99942
0.99999
0.99986
0.99996
1.00000
1.00000
0.99999
0.99805
0.99925
0.99938
0.99998
0.99999
0.99957
0.99992
0.99987
0.99994
0.99996
0.99046
0.99939
0.99812
0.99998
0.99996
0.94448
0.96931
0.23909
0.09678
0.99112
0.99944
0.00004
0.00013
0.00005
0.00012
0.00014
0.00635
0.16322
0.00218
0.08491
0.00546
0.00062
0.00030
0.89478
0.95307
0.21233
0.32966
0.00073
0.00025
0.00163
0.00974
1.00000
0.99980
0.99997
0.99994
0.99996
0.99987
0.99999
0.99993
0.99952
0.00020
0.00037
0.98761
0.99246
0.80647
0.56885
0.00341
0.00246
0.00346
0.00145
0.84530
0.00630
0.98240
0.53369
0.99113
0.98528
0.00751
0.01013
0.00173
0.00753
0.00815
0.01879
0.01137
0.00562
0.00162
0.00360
0.00866
0.00050
0.00064
0.00052
0.00061
0.03073
0.03208
0.99502
0.99624
0.99357
0.99977
0.99598
0.93880
0.78665
0.41096
0.99763
0.99408
0.03638
0.99895
0.99967
0.99053
0.94068
0.88206
0.31135
0.66680
0.88634
0.95270
0.93933
0.04433
0.17063
0.01218
0.30108
0.00157
0.00104
0.01841
0.00103
0.00223
0.98424
0.01917
0.64575
0.03214
0.02023
0.98019
0.96696
0.98331
0.51778
0.00080
0.00583
0.00169
0.00119
0.00084
0.02238
0.00655
0.00038
0.00002
0.00017
0.00002
0.00001
0.00001
0.00001
0.00100
0.00051
0.00025
0.00152
0.00232
0.00140
0.00263
0.00315
0.02628
0.02978
0.99952
0.99977
0.99928
0.99977
0.99967
0.99701
0.99925
0.99909
0.97817
0.99678
0.99323
0.99710
0.99028
0.06553
0.01353
0.24699
0.91711
0.87411
0.98864
0.00102
0.00992
0.00009
0.00602
0.37357
0.63127
0.98324
0.99326
0.45320
0.34364
0.06290
0.71192
0.00159
0.03022
0.10205
0.00302
0.57545
0.12165
0.99662
0.99383
0.99499
0.99919
0.99901
0.99285
0.99287
0.97239
0.01204
0.10567
0.98682
0.97392
0.99773
0.99818
0.99884
0.99952
0.99876
0.99883
0.99368
0.00066
0.85184
0.98631
0.99984
0.97863
0.84373
0.00003
0.00002
0.00002
0.00025
0.00010
0.98435
0.97886
0.79902
0.46923
0.00134
0.03683
0.00781
0.05212
0.86909
0.80620
0.07527
0.07413
0.18668
0.05937
0.99801
0.99106
0.98271
0.96692
0.94961
0.42971
0.90951
0.30398
0.57091
0.84876
0.00061
0.01611
0.00693
0.03163
0.00130
0.00725
0.00790
0.00576
0.04326
0.00560
0.21109
0.07031
0.00596
0.00048
0.00144
0.00229
0.00000
0.00000
0.39069
0.01691
0.00143
0.05561
0.15177
0.00637
0.01024
0.00001
0.00006
0.00027
0.04922
0.09370
0.03362
0.03374
0.00070
0.39968
0.10968
0.04711
0.03780
0.01782
0.00486
0.00334
0.00058
0.00077
0.98244
0.00138
0.00378
0.00249
0.00774
0.08037
0.97224
0.07938
0.47098
0.00005
0.00039
0.00167
0.99878
0.00207
0.00044
0.00296
0.00005
0.80945
0.97542
0.00534
0.99258
0.59921
0.76984
0.03765
0.20551
0.09723
0.00188
0.11158
0.00163
0.00142
0.00257
0.88501
0.02766
0.00001
0.00019
0.00003
0.00003
0.00035
0.00010
0.00005
0.00020
0.26024
0.37857
0.70634
0.03123
0.01113
0.01191
0.01609
0.01437
0.87921
0.00003
0.99905
0.97162
0.99235
0.99685
0.99956
0.96840
0.99924
0.98370
0.99641
0.98594
0.99466
0.99877
0.94027
0.92016
0.79496
0.76820
0.93302
0.63341
0.98947
0.98929
0.92305
0.99607
0.99636
0.99238
0.99641
0.61976
0.78918
0.46645
0.00329
0.95952
0.99920
0.99527
0.98822
0.99902
0.99859
0.27583
0.98709
0.45061
0.02727
0.00167
0.03902
0.01026
0.05114
0.02456
0.03620
0.03106
0.00630
0.97770
0.09458
0.33248
0.00000
0.00000
0.00065
0.07123
0.04262
0.04547
0.05228
0.16762
0.02782
0.00003
0.00078
0.00022
0.00068
0.02284
0.19739
0.02742
0.19228
0.21076
0.06385
0.06245
0.07359
0.05240
0.44752
0.01357
0.01737
0.09254
0.57459
0.09235
0.00131
0.01036
0.06682
0.63046
0.71710
0.35795
0.21318
0.99884
0.99887
0.94343
0.99910
0.97928
0.99869
0.99988
0.99969
0.99966
0.99965
0.99941
0.99710
0.99631
0.00025
0.11148
0.00135
0.00033
0.00000
0.00000
0.00000
0.00000
0.00000
0.00000
0.00000
0.00067
0.00015
0.00093
0.00470
0.03193
0.06755
0.10090
0.00097
0.14827
0.87054
0.50545
0.60705
0.09679
0.17788
0.12600
0.00543
0.00048
0.02705
0.01101
0.06227
0.09552
0.05213
0.00123
0.00074
0.00000
0.00000
0.99247
0.00001
0.00088
0.00000
0.00000
0.00001
0.00016
0.95607
0.00001
0.00488
0.01579
0.00000
0.15162
0.82755
0.38574
0.94876
0.92163
0.98427
0.88637
0.95576
0.86539
0.87841
0.99958
0.99954
0.91197
0.99479
0.00002
0.00001
0.11996
0.07228
0.02325
0.01083
0.00033
0.00211
0.98949
0.15454
0.99298
0.13463
0.14667
0.00319
0.00103
0.00407
0.00506
0.00209
0.00279
0.00035
0.01596
0.00161
0.00024
0.00023
0.00028
0.99395
0.99982
0.99610
0.99984
0.99895
0.99992
0.02054
0.94675
0.00564
0.10080
0.02602
0.01846
0.00006
0.00834
0.00367
0.94427
0.31640
0.78292
0.00243
0.00128
0.00490
0.00015
0.00654
0.01797
0.02108
0.00140
0.00306
0.00344
0.90663
0.87816
0.99445
0.00283
0.00209
0.00148
0.00086
0.00300
0.95628
0.07940
0.20356
0.01996
0.00485
0.01493
0.05224
0.07614
0.00390
0.01579
0.99872
0.99858
0.99798
0.98572
0.93803
0.01695
0.18715
0.96044
0.00013
0.00015
0.00048
0.00037
0.00291
0.02947
0.02609
0.03362
0.05345
0.07816
0.13346
0.04051
0.48647
0.80355
0.99538
0.00271
0.00180
0.00254
0.03405
0.99568
0.99804
0.13695
0.00002
0.99251
0.99004
0.00713
0.00209
0.89288
0.99717
0.99923
0.93584
0.92649
0.96542
0.98671
0.99998
0.99989
0.99844
0.99285
0.99999
0.99998
0.99978
0.99803
0.99934
0.99889
0.97469
0.96748
0.00019
0.00027
0.99892
0.07775
0.98963
0.01298
0.00065
0.04543
0.99986
0.99908
0.00250
0.99990
0.99995
0.99815
0.99969
0.99979
0.99976
0.99970
0.99926
0.99914
0.98231
0.93499
0.91246
0.99035
0.99849
0.33788
0.99846
0.99407
0.00257
0.00004
0.00001
0.00003
0.00025
0.00024
0.00001
0.00002
0.99135
0.99940
0.00033
0.00002
0.00268
0.00000
0.00224
0.01834
0.00120
0.00781
0.00000
0.00001
0.00000
0.00022
0.00087
0.00717
0.00769
0.00586
0.00521
0.96065
0.99431
0.16555
0.06317
0.00107
0.00178
1.00000
0.00000
0.00034
0.00326
0.00233
0.00015
0.00002
0.00000
0.00000
0.00000
0.00000
0.00000
0.99998
1.00000
0.99998
0.99998
0.99994
0.99932
0.99996
0.99988
0.99982
0.99944
0.99985
0.99969
0.99908
0.99889
0.00000
0.99991
0.99910
0.00012
0.00000
0.00002
0.00052
0.00004
0.00006
0.00012
0.00027
0.99999
0.99995
0.99795
0.99757
0.00603
0.01716
0.98545
0.02580
0.01222
0.01727
0.99988
0.99886
0.99996
1.00000
0.99997
1.00000
0.99855
0.98745
0.79963
0.99691
0.99918
0.99484
0.99798
0.99938
0.99480
0.99521
0.99879
0.99454
0.99480
0.97888
0.99899
0.84637
0.99928
0.99616
0.98029
0.99449
0.98808
0.99936
0.99588
0.99711
0.00010
0.00019
0.99534
0.98854
0.99981
0.99915
0.00005
0.01752
0.99809
0.99979
0.99990
0.17306
0.99776
0.99945
0.22668
0.00015
0.07618
0.00004
0.00013
0.00019
0.98894
0.97007
0.99908
0.99950
0.99978
0.97700
0.99991
0.99988
0.99995
0.99993
1.00000
1.00000
0.96162
0.97348
0.99685
0.99960
0.99990
0.99996
1.00000
0.99996
0.97492
0.00177
0.00111
0.00351
0.00391
0.98759
0.98551
0.99950
0.99835
0.98926
0.99168
0.99618
0.99323
0.98017
0.99226
0.00166
0.99986
0.99995
0.00167
0.01808
0.99309
0.99968
0.99361
0.00270
0.00062
0.99922
0.05026
0.05868
0.00010
0.00200
0.00565
0.00145
0.00436
0.00010
0.99940
0.94087
0.99850
0.85629
0.99859
0.99969
0.00005
0.00003
0.00017
0.00012
0.00127
0.00316
0.00018
0.00017
0.00374
0.99911
0.99855
0.00077
0.00614
0.00729
0.03935
0.00080
0.00046
0.00035
0.00035
0.00029
0.00032
0.00176
0.00057
0.84440
0.70598
0.99761
0.99632
0.99193
0.99294
0.99800
0.99639
0.99789
0.99725
0.98381
0.97386
0.99810
0.99984
0.99938
0.92709
0.95641
0.99999
0.99997
0.99799
0.99997
0.99998
0.00003
0.00014
0.00056
0.00002
0.00002
0.00015
0.99997
0.99938
1.00000
0.94690
0.97714
0.99997
0.99996
0.00338
0.01401
0.00268
0.01883
0.00848
0.00440
0.00191
0.00347
0.00048
0.00129
0.96795
0.87676
0.89663
0.70008
0.03681
0.02975
0.02285
0.00144
0.00392
0.00188
0.57577
0.00795
0.03988
0.73920
0.90030
0.01047
0.01528
0.00023
0.00033
0.01511
0.01433
0.00756
0.18981
0.82258
0.00090
0.75059
0.99572
0.98270
0.98936
0.60942
0.65995
0.97587
0.97516
0.99940
0.99767
0.99667
0.98762
0.98700
0.19084
0.01459
1.00000
0.99887
0.99949
0.99975
1.00000
0.99992
1.00000
1.00000
0.99829
0.99006
0.96771
0.00143
0.07961
0.98158
0.98484
0.21256
0.99849
0.99976
0.00118
0.00122
0.99969
0.98380
0.99858
0.99953
0.99751
0.99834
0.99009
0.00063
0.00115
0.99991
0.99993
0.99994
0.99921
0.94562
0.98969
0.00114
0.99889
0.76896
0.82729
0.00138
0.01351
0.17162
0.06539
0.92967
0.15175
0.00177
0.38783
0.91039
0.00248
0.00149
0.00201
0.00081
0.00491
0.00131
0.00904
0.99641
0.98943
0.99873
0.99889
1.00000
1.00000
0.99946
1.00000
0.99987
0.99993
0.99815
0.99245
0.98257
0.99260
0.98412
0.99399
0.00193
0.99680
0.99997
0.99562
0.92699
0.99995
0.99997
0.99929
0.99930
0.99998
0.99998
0.99993
0.99582
0.99100
0.99994
0.99983
0.99995
0.99925
0.99969
0.00370
0.98909
0.99867
0.99899
0.98866
0.99644
0.94365
0.96930
0.98909
0.99998
0.96745
0.10306
0.87065
0.85206
0.98911
0.94518
0.82753
0.99003
0.95748
0.92152
0.13164
0.72966
0.22196
0.00003
0.00680
0.00141
0.00096
0.00640
0.00345
0.00260
0.05170
0.03364
0.02496
0.00014
0.00404
0.98613
0.97764
0.09344
0.12468
0.01779
0.04491
0.01235
0.47904
0.51911
0.00001
0.00005
0.00005
0.99861
0.00241
0.03119
0.15555
0.20571
0.99201
0.98569
0.99434
0.88135
0.97761
0.86412
0.67064
0.37928
0.94305
0.19088
0.00804
0.98466
0.98221
0.98724
0.98912
0.89782
0.18392
0.95410
0.95736
0.94133
0.93831
0.57947
0.97694
0.90598
0.99718
0.98873
0.99933
0.99463
0.78646
0.99864
0.01427
0.81806
0.87967
0.17368
0.96514
0.66237
0.97511
0.91504
0.98502
0.52122
0.53253
0.00307
0.10720
0.00218
0.56090
0.98368
0.00164
0.93159
0.99572
0.06019
0.07884
0.12357
0.08520
0.00512
0.28145
0.82731
0.01451
0.07933
0.00143
0.14160
0.04566
0.00390
0.00086
0.00094
0.00022
0.00010
0.00060
0.00092
0.00012
0.00101
0.00059
0.01214
0.00565
0.01082
0.02369
0.09279
0.00445
0.00001
0.00001
0.00002
0.99241
0.99270
0.98459
0.00764
0.00063
0.99291
0.99503
0.99069
0.99848
0.99774
0.86818
0.87828
0.92272
0.85659
0.00959
0.07851
0.46668
0.24627
0.00638
0.01883
0.96373
0.87319
0.88728
0.00018
0.00640
0.00905
0.00018
0.00111
0.00005
0.03214
0.03051
0.00698
0.00233
0.00802
0.00303
0.00385
0.00568
0.00279
0.98203
0.87766
0.99984
0.46341
0.09552
0.07501
0.55815
0.84743
0.01061
0.00001
0.98338
0.98335
0.99559
0.95898
0.92516
0.99920
0.99437
0.55475
0.04292
0.00960
0.01769
0.04329
0.00822
0.00119
0.00526
0.99780
0.99897
0.00061
0.00587
0.00079
0.00200
0.00056
0.53786
0.00078
0.00380
0.02428
0.00651
0.00565
0.02923
0.00036
0.00000
0.00000
0.00000
0.00000
0.00001
0.00001
0.00000
0.00000
0.00000
0.00045
0.00018
0.00664
0.00042
0.00021
0.00086
0.00218
0.01511
0.01725
0.99775
0.99743
0.96620
0.88523
0.81409
0.98834
0.99573
0.99980
0.72880
0.15670
0.08250
0.57834
0.23750
0.29264
0.01887
0.01907
0.15115
0.05020
0.00368
0.00854
0.00025
0.99236
0.82995
0.88729
0.87953
0.45260
0.99996
0.94182
0.99652
0.95269
0.01098
0.99994
0.99989
0.99990
0.99997
0.99979
0.99862
0.99993
0.99996
0.99793
0.99999
1.00000
1.00000
0.99999
0.99999
0.99997
0.00830
0.00000
0.00000
0.00000
0.94892
0.98760
0.00000
0.00000
0.00000
0.00109
0.00000
0.00009
0.00039
0.00000
0.00000
0.00000
0.41621
0.00224
0.01400
0.38971
0.99970
0.00574
0.01200
0.99719
0.99664
0.26379
0.95995
0.99940
0.99929
0.99214
0.99499
0.99862
0.98989
0.99827
0.57276
0.00560
0.94292
0.74221
0.98403
0.97715
0.99972
0.00000
0.00000
0.03577
0.02374
0.03407
0.26657
0.21083
0.00114
0.21860
0.00120
0.00014
0.62187
0.46519
0.08456
0.04773
0.00014
0.99598
0.99539
0.96799
0.98980
0.98288
0.99787
0.52685
0.08196
0.06755
0.08362
0.01055
0.01317
0.29659
0.30181
0.84328
0.04454
0.12089
0.02865
0.08524
0.00763
0.00754
0.00190
0.00646
0.00154
0.99709
0.99117
0.94631
0.52207
0.89682
0.96886
0.99367
0.98860
0.77111
0.00028
0.99703
0.54560
0.95369
0.89403
0.36329
0.04896
0.99003
0.99583
0.56022
0.99753
0.99417
0.99995
0.99994
0.99993
0.99841
0.99815
0.99947
0.02579
0.01188
0.84228
0.95828
0.97660
0.78331
0.88119
0.96082
0.00056
0.00046
0.00053
0.11439
0.02971
0.03136
0.00274
0.04525
0.01128
0.02039
0.02863
0.00000
0.00001
0.04964
0.12733
0.99997
0.00327
0.99994
0.00029
0.00097
0.06499
0.92007
0.11289
0.00040
0.07044
0.99985
0.99999
0.99946
0.00137
0.00541
0.00000
0.00000
0.99650
0.15145
0.00090
0.00040
0.00090
0.43860
0.00410
0.02573
0.27604
0.18661
0.97703
0.99876
0.99827
0.04796
0.00640
0.17390
0.99293
0.99677
0.99841
0.99060
0.98699
0.99725
0.92977
0.66149
0.42143
0.99438
0.98824
0.98254
0.16743
0.98445
0.96967
0.00056
0.00639
0.50210
0.00157
0.99781
0.00065
0.00169
0.55602
0.98199
0.28338
0.36070
0.09614
0.12196
0.02597
0.05755
0.21561
0.99991
0.99996
0.05291
0.36750
0.11054
0.00750
0.00596
0.08095
0.09293
0.00070
0.05477
0.00138
0.00467
0.00129
0.00193
0.96505
0.02003
0.09871
0.96833
0.00020
0.00032
0.00052
0.01417
0.00934
0.00614
0.99999
0.00367
0.00340
0.00074
0.00749
0.00165
0.00044
0.00695
0.10962
0.08417
0.08416
0.02279
0.00078
0.00408
0.09630
0.00206
0.02122
0.00678
0.01774
0.99783
0.99894
0.99981
0.99954
0.99636
0.99952
0.90569
0.06783
0.21061
0.00041
0.00349
0.00039
0.07797
0.00614
0.16151
0.19951
0.96838
0.00963
0.00608
0.09782
0.02469
0.96974
0.99233
0.99953
0.99913
0.99867
0.95128
0.92233
0.98910
0.99807
0.99915
0.99997
0.99957
0.99995
0.99802
0.99740
0.99986
0.99553
0.99894
0.99723
0.98091
0.99968
0.99977
0.99920
0.99931
0.99903
0.97902
0.99901
0.98165
0.99464
0.00128
0.00258
0.00221
0.01235
0.00042
0.00089
1.00000
1.00000
1.00000
1.00000
1.00000
1.00000
1.00000
0.99999
1.00000
0.99999
0.99940
0.99999
0.99999
0.99996
0.99979
0.99990
0.99985
0.99978
0.99301
0.99779
0.99988
0.94053
0.98290
0.97877
0.93919
0.95577
0.98842
0.99999
0.99999
0.99999
0.99999
0.97468
0.99984
0.99822
0.99982
0.99658
0.99981
0.99793
0.99282
0.99181
0.99756
0.99266
0.99944
0.99790
0.99380
0.99546
0.02893
0.00267
0.00448
0.00590
0.00706
0.00025
0.01180
0.00017
0.01341
0.01162
0.00776
0.99952
0.99985
0.99933
0.99988
0.99977
0.99992
0.99998
0.99913
0.99775
1.00000
0.99998
0.99999
0.00335
0.00360
0.00009
0.00404
0.00102
0.00155
0.00043
0.00012
0.00228
1.00000
1.00000
1.00000
0.99998
1.00000
1.00000
1.00000
1.00000
1.00000
0.99998
0.99998
0.99972
0.99997
0.99781
0.00037
0.00018
0.03849
0.00356
0.00353
0.00910
0.00573
0.04106
0.09952
0.01183
0.23490
0.00263
0.00041
0.00003
0.00085
0.00053
0.00016
0.00145
0.00144
0.01070
0.07314
0.95874
0.00182
0.00275
0.98485
0.02475
0.00543
0.00009
0.00009
0.00002
0.00009
0.00007
0.00009
0.00010
0.00002
0.00005
0.00002
0.00010
0.08157
0.94756
0.55694
0.35564
0.04814
0.16817
0.66520
0.08472
0.03180
0.11538
0.16966
0.34636
0.95874
0.63695
0.97762
0.82437
0.99563
0.05810
0.04881
0.78990
0.61856
0.10497
0.14915
0.01800
0.07912
0.03400
0.01112
0.50367
0.05632
0.21420
0.17581
0.06419
0.26772
0.10090
0.29413
0.11637
0.50437
0.89384
0.92793
0.95981
0.99385
0.01949
0.13497
0.01447
0.99451
0.98849
0.83497
0.82288
0.37684
0.65103
0.59669
0.58374
0.21599
0.21010
0.05946
0.99698
0.99527
0.99615
0.99276
0.99827
0.94662
0.85378
0.76747
0.02235
0.90588
0.62229
0.44055
0.05063
0.44841
0.49344
0.91741
0.55085
0.02211
0.01804
0.07732
0.28137
0.00748
0.01638
0.40090
0.16038
0.96608
0.99840
0.01283
0.01707
0.01281
0.00019
0.00002
0.00033
0.00003
0.00040
0.00139
0.00060
0.00062
0.00674
0.00496
0.01106
0.02065
0.00381
0.00172
0.00953
0.00953
0.00287
0.44357
0.01530
0.01007
0.29431
0.98463
0.98814
0.99330
0.99294
0.00305
0.00120
0.89325
0.99897
0.97772
0.92129
0.95013
0.96127
0.99085
0.99800
0.97021
0.31622
0.15131
0.04964
0.06916
0.04692
0.05944
0.98100
0.20559
0.00727
0.00368
0.02344
0.00016
0.00349
0.01033
0.01419
0.11933
0.60113
0.98378
0.88867
0.03725
0.21133
0.21415
0.37240
0.65885
0.91375
0.95207
0.02179
0.00017
0.00020
0.01542
0.00006
0.00019
0.00003
0.00056
0.00042
0.96986
0.99726
0.99414
0.00064
0.00116
0.00982
0.00964
0.02624
0.95197
0.88787
0.65928
0.91688
0.23860
0.01500
0.04560
0.04021
0.02889
0.00529
0.00254
0.06887
0.00707
0.05453
0.28138
0.03285
0.08267
0.11208
0.36846
0.84404
0.00321
0.00673
0.00051
0.99427
0.97908
0.34093
0.02946
0.99998
0.99669
0.99996
0.18764
0.31620
0.99869
0.99594
0.99363
0.77889
0.83515
0.84700
0.00387
0.01545
0.00318
0.01362
0.01801
0.12893
0.18651
0.00387
0.00919
0.00719
0.01116
0.01195
0.05041
0.00937
0.00724
0.13110
0.13599
0.01369
0.04020
0.03024
0.00605
0.24839
0.07848
0.09489
0.13525
0.07206
0.06898
0.27814
0.24943
0.39125
0.88953
0.91460
0.00111
0.49416
0.22695
0.34776
0.50960
0.04655
0.17793
0.35716
0.92165
0.00356
0.91330
0.99066
0.96905
0.00343
0.00737
0.00432
0.98736
0.98159
0.92075
0.22688
0.00814
0.00171
0.20479
0.03549
0.07696
0.04706
0.98879
0.08094
0.15997
0.93213
0.20716
0.51697
0.04116
0.10315
0.49802
0.54659
0.20987
0.14559
0.00599
0.02485
0.99623
0.97508
0.98140
0.83327
0.12806
0.93157
0.06174
0.55280
0.01491
0.10957
0.87822
0.86453
0.07483
0.41708
0.02704
0.68728
0.76520
0.49639
0.15224
0.80221
0.26914
0.22096
0.25783
0.49997
0.39620
0.21024
0.33271
0.10812
0.17685
0.04126
0.05394
0.01760
0.56117
0.20048
0.54051
0.04193
0.99339
0.94888
0.30828
0.36668
0.29984
0.34841
0.97385
0.14662
0.14895
0.08789
0.30359
0.03298
0.34426
0.15447
0.99259
0.99920
0.04845
0.35429
0.00166
0.00234
0.00197
0.09302
0.26118
0.13061
0.06492
0.19079
0.00184
0.94156
0.00136
0.00088
0.00365
0.00084
0.08860
0.06139
0.16323
0.20636
0.04183
0.04785
0.04150
0.00513
0.26587
0.45373
0.94856
0.66805
0.78335
0.63682
0.30809
0.08535
0.19397
0.59513
0.33841
0.97514
0.02384
0.72021
0.47846
0.03758
0.66146
0.57344
0.86598
0.60805
0.77714
0.79876
0.94010
0.34498
0.65179
0.01790
0.75485
0.90561
0.86009
0.39787
0.34991
0.97336
0.97224
0.03206
0.40588
0.30577
0.88956
0.24090
0.15570
0.04325
0.09509
0.30590
0.17047
0.86591
0.06407
0.09933
0.49760
0.47748
0.70117
0.69205
0.22446
0.31873
0.68318
0.93649
0.00327
0.34941
0.20254
0.20337
0.83411
0.46505
0.49234
0.29215
0.00730
0.06933
0.00773
0.99847
0.99414
0.99528
0.00280
0.02438
0.12379
0.11915
0.16934
0.00108
0.00700
0.19135
0.08657
0.00013
0.09441
0.12260
0.09042
0.74705
0.97723
0.03446
0.02843
0.07615
0.08010
0.56837
0.10097
0.07967
0.02273
0.30759
0.97911
0.10109
0.97884
0.84226
0.97287
0.78078
0.08173
0.45037
0.30814
0.97171
0.30665
0.52335
0.41490
0.30879
0.65293
0.80233
0.01836
0.20405
0.99552
0.58065
0.95946
0.99231
0.99228
0.54226
0.99691
0.95359
0.00197
0.04396
0.01904
0.10273
0.94452
0.83934
0.68138
0.37799
0.83173
0.31638
0.76665
0.25179
0.98283
0.77880
0.97535
0.81087
0.98976
0.98772
0.96241
0.37362
0.33526
0.97216
0.95448
0.99063
0.55287
0.10713
0.15006
0.03946
0.38176
0.02471
0.96187
0.00188
0.00045
0.00233
0.02241
0.00383
0.00179
0.02022
0.00163
0.00412
0.00352
0.00045
0.01979
0.02000
0.05600
0.00728
0.00463
0.01487
0.00149
0.00299
0.00620
0.00458
0.00244
0.00150
0.00480
0.98540
0.99032
0.99699
0.99992
0.99985
0.99580
0.99361
0.99858
0.87058
0.00473
0.01126
0.99535
0.99594
0.89179
0.50822
0.21363
0.48767
0.94949
0.07437
0.00191
0.00755
0.00822
0.00918
0.13569
0.00916
0.01052
0.15632
0.16538
0.57173
0.54497
0.13774
0.08477
0.22363
0.40559
0.04167
0.58879
0.34070
0.14871
0.04283
0.01479
0.00943
0.00681
0.06221
0.05014
0.14228
0.59553
0.92748
0.18994
0.76114
0.70597
0.33135
0.85218
0.07258
0.91212
0.74754
0.79871
0.46631
0.91960
0.84919
0.00644
0.77221
0.97709
0.97437
0.89317
0.34559
0.97343
0.57312
0.01165
0.92776
0.98500
0.25320
0.15187
0.99896
0.90871
0.32811
0.99996
0.99988
0.99852
0.99911
0.04517
0.46544
0.29362
0.99988
0.99926
0.97746
0.99435
0.75745
0.89805
0.08632
0.06399
0.05035
0.00118
0.35708
0.14685
0.27637
0.03726
0.00176
0.24400
0.05461
0.02424
0.04691
0.00570
0.00187
0.02457
0.02994
0.07276
0.50323
0.02713
0.04419
0.00923
0.01754
0.06510
0.12961
0.97094
0.93263
0.01600
0.39566
0.26162
0.08921
0.46886
0.92659
0.06228
0.01165
0.00646
0.00039
0.00118
0.00491
0.00877
0.04572
0.09604
0.04992
0.89432
0.33121
0.26082
0.01469
0.29710
0.01687
0.00428
0.00324
0.54828
0.46606
0.25523
0.30752
0.32250
0.09002
0.99718
0.99810
0.90491
0.95217
0.99072
0.93328
0.70153
0.83185
0.99943
0.98773
0.99942
0.99580
0.98935
0.98239
0.99838
0.98417
0.93628
0.99742
0.07531
0.99653
0.98381
0.85799
0.98139
0.71729
0.14898
0.98492
0.99629
0.97867
0.96551
0.94949
0.04676
0.94470
0.93948
0.09780
0.92055
0.88290
0.91311
0.91768
0.39345
0.97931
0.97044
0.56061
0.89536
0.98625
0.88635
0.42914
0.93030
0.74003
0.97030
0.47307
0.90786
0.84854
0.67558
0.06131
0.82319
0.81096
0.92158
0.89881
0.93976
0.56187
0.09456
0.98298
0.50342
0.34422
0.97130
0.89772
0.00049
0.00066
0.11047
0.00133
0.00640
0.84615
0.95703
0.86691
0.97424
0.83880
0.92547
0.98977
0.97117
0.93440
0.11727
0.82636
0.01361
0.44058
0.00596
0.00735
0.09030
0.00568
0.00707
0.02539
0.04027
0.00021
0.00054
0.00147
0.00120
0.00069
0.00042
0.00340
0.07652
0.99901
0.99823
0.99973
0.96415
0.00017
0.00009
0.00016
0.00700
0.00196
0.00065
0.01237
0.00012
0.04487
0.97620
0.69522
0.03072
0.05791
0.01335
0.01163
0.01316
0.01504
0.11436
0.15048
0.99464
0.99363
0.88810
0.31123
0.94532
0.91495
0.36471
0.99610
0.89355
0.00670
0.01234
0.00893
0.00108
0.00061
0.00757
0.00971
0.00163
0.00113
0.00035
0.00166
0.98626
0.97645
0.15503
0.78224
0.97341
0.53119
0.82450
0.90086
0.13814
0.25205
0.98879
0.98028
0.88772
0.60502
0.99890
0.04999
0.07975
0.00709
0.00187
0.00468
0.01196
0.00155
0.00423
0.40955
0.81568
0.99969
0.99184
0.00349
0.00150
0.01183
0.02658
0.03173
0.74060
0.94398
0.14237
0.98541
0.04008
0.97684
0.81878
0.42472
0.97910
0.96138
0.51099
0.93867
0.92612
0.96525
0.00030
0.30740
0.19841
0.00200
0.00217
0.00637
0.00009
0.78390
0.01728
0.98322
0.07198
0.97675
0.03451
0.83842
0.02283
0.01407
0.97196
0.97203
0.00066
0.00139
0.00174
0.00686
0.89812
0.00029
0.97446
0.91939
0.95183
0.75684
0.94957
0.95671
0.87530
0.00213
0.00132
0.00239
0.00148
0.00523
0.34431
0.99606
0.99768
0.99959
0.99181
0.92785
0.99213
0.34230
0.92018
0.97482
0.98357
0.90492
0.03078
0.62722
0.17455
0.87389
0.69059
0.83362
0.94398
0.10661
0.05153
0.12129
0.00099
0.00027
0.00261
0.00419
0.93717
0.99235
0.99197
0.98678
0.91654
0.98863
0.73388
0.90210
0.99074
0.99803
0.99881
0.89347
0.65301
0.93184
0.98635
0.98023
0.10550
0.95926
0.99763
0.93494
0.00418
0.10898
0.01273
0.06350
0.04030
0.99855
0.00013
0.99891
0.72324
0.83507
0.99748
0.00186
0.00283
0.00927
0.01825
0.76165
0.67302
0.74851
0.32336
0.99922
0.14124
0.09517
0.08248
0.00917
0.01794
0.08005
0.09791
0.18231
0.00150
0.07147
0.26177
0.26874
0.03486
0.07808
0.71353
0.81667
0.29064
0.48085
0.18111
0.00197
0.00957
0.00695
0.02743
0.06526
0.99904
0.00549
0.00778
0.00308
0.65707
0.99910
0.89116
0.90164
0.89197
0.91083
0.52024
0.98656
0.00160
0.00167
0.86703
0.74542
0.58939
0.00867
0.01217
0.00649
0.00165
0.00431
0.00467
0.00117
0.00827
0.02672
0.98837
0.99015
0.06591
0.28965
0.00568
0.00659
0.07452
0.00759
0.00051
0.01113
0.00043
0.00057
0.00452
0.05401
0.01168
0.04921
0.44283
0.08839
0.07006
0.06811
0.00148
0.00081
0.04479
0.99352
0.92831
0.93273
0.98205
0.96616
0.35659
0.07074
0.98524
0.99099
0.84105
0.98212
0.99879
0.99645
0.97407
0.97989
0.99246
0.99683
0.99860
0.97624
0.99655
0.99817
0.98473
0.99428
0.99841
0.99688
0.26717
0.99728
0.95975
0.81793
0.87788
0.33230
0.76712
0.15228
0.99887
0.99996
0.99849
0.99999
0.96132
0.99978
0.99668
0.99999
0.99986
0.99993
0.99151
0.99996
0.99996
0.99988
0.99856
0.99999
0.73912
0.52719
0.99568
0.99237
0.28964
0.65144
0.98957
0.99800
0.99982
0.99959
0.99940
0.99927
0.00444
0.00173
0.99879
0.99971
0.99847
0.99949
0.99983
0.99950
0.99987
0.99951
0.74219
0.16128
0.15331
0.01451
0.06663
0.00491
0.96704
0.96118
0.00157
0.99581
0.06606
0.00072
0.01643
0.00334
0.00434
0.00001
0.00001
0.00001
0.97989
0.99466
0.20584
0.99924
0.99895
0.99909
0.99843
0.00504
0.00017
0.00062
0.00037
0.00120
0.00012
0.00100
0.01952
0.00007
0.01013
0.99048
0.99725
0.00021
0.00002
0.00032
0.00428
0.01260
0.04678
0.37877
0.33089
0.60295
0.70128
0.13473
0.06571
0.03197
0.00078
0.01465
0.00719
0.00089
0.00066
0.00210
0.00178
0.01474
0.01931
0.95586
0.97133
0.98815
0.99691
0.02414
0.04657
0.11423
0.09939
0.00038
0.06957
0.01106
0.00161
0.01699
0.00105
0.21621
0.82216
0.99434
0.99431
0.99634
0.96126
0.99678
0.00189
0.03119
0.81331
0.11415
0.02297
0.00182
0.89860
0.16930
0.00090
0.96279
0.94397
0.22409
0.92133
0.05080
0.02050
0.99935
0.99945
0.98902
0.99639
0.99760
0.78662
0.99149
0.80092
0.09746
0.69616
0.54815
0.92443
0.93976
0.17690
0.67856
0.03734
0.00879
0.01643
0.36786
0.01202
0.04270
0.03355
0.00250
0.00619
0.95530
0.99924
0.99987
0.00127
0.00055
0.00975
0.02841
0.26202
0.41874
0.00281
0.00041
0.00035
0.98561
0.23750
0.05021
0.09923
0.01338
0.15125
0.00043
0.00042
0.00148
0.00017
0.99964
0.99961
0.84249
0.99725
0.98655
0.99346
0.99488
0.99590
0.99327
0.91285
0.92067
0.00024
0.97556
0.92712
0.93005
0.96007
0.98910
0.10279
0.00046
0.00023
0.67552
0.00472
0.00356
0.00266
0.22069
0.92461
0.91439
0.00110
0.00031
0.00563
0.00302
0.00181
0.00290
0.00024
0.99047
0.75559
0.38499
0.09280
0.99121
0.98929
0.99961
0.98910
0.98234
0.97859
0.70949
0.17066
0.46218
0.01831
0.14396
0.42309
0.00052
0.00006
0.00063
0.00045
0.00004
0.00292
0.00149
0.00005
0.35127
0.15138
0.00087
0.00237
0.09577
0.00648
0.23508
0.35977
0.06874
0.04288
0.22054
0.22053
0.61233
0.00565
0.06243
0.05971
0.01010
0.03805
0.10875
0.08530
0.00136
0.05801
0.00206
0.00048
0.00058
0.99764
0.07414
0.15323
0.68722
0.95677
0.97214
0.99868
0.98657
0.91577
0.96888
0.00523
0.96045
0.41722
0.17947
0.99934
0.98809
0.99875
0.98625
0.00371
0.00158
0.00174
0.00828
0.99175
0.99995
0.99983
0.98575
0.45571
0.01387
0.99777
0.00849
0.00443
0.00801
0.00000
0.00007
0.00078
0.00004
0.00032
0.08648
0.00141
0.37748
0.00856
0.22812
0.09274
0.00050
0.00734
0.98889
0.98860
0.99815
0.99621
0.99779
0.82262
0.86508
0.26048
0.96269
0.91566
0.06435
0.00343
0.00337
0.99527
0.98569
0.99662
0.98537
0.99643
0.02766
0.00169
0.00939
0.61888
0.01830
0.02496
0.00286
0.40132
0.00053
0.09223
0.97424
0.06900
0.93441
0.00417
0.01660
0.00058
0.00256
0.01154
0.00616
0.00395
0.01444
0.98019
0.99952
0.99213
0.99726
0.99993
0.99626
0.98297
0.98649
0.99642
0.99967
0.99982
0.99207
0.99816
0.99995
0.99794
0.99955
0.99826
0.99736
0.99704
0.99432
0.99740
0.99939
0.99946
0.97667
0.08310
0.99926
0.99901
0.99978
0.99955
0.99872
0.99819
0.97498
0.98369
0.99311
0.01653
0.03526
0.00241
0.94330
0.02785
0.01525
0.99975
0.98330
0.99897
0.99830
0.99710
0.99564
0.99356
0.99930
0.99559
0.99791
0.00008
0.00009
0.00008
0.00001
0.00016
0.99670
0.99645
0.99989
0.99967
0.00094
0.00031
0.00106
0.00219
0.00045
0.00017
0.99975
0.99998
0.99994
0.96946
0.99939
0.99870
0.99596
0.81168
0.99829
0.94940
0.20870
0.04866
0.23759
0.03506
0.00083
0.00018
0.00050
0.99177
0.98760
0.96523
0.93702
0.99831
0.98700
0.99438
0.99771
0.97243
0.99981
0.96294
0.99990
0.99423
0.00001
0.00022
0.00024
0.87780
0.09939
0.00000
0.00010
0.00018
0.00009
0.02177
0.11089
0.00784
0.02174
0.01944
0.08020
0.00048
0.00052
0.00012
0.00010
0.00003
0.00105
0.00009
0.00007
0.00039
0.00002
0.00769
0.01606
0.00010
0.00030
0.00587
0.00007
0.00110
0.00026
0.00009
0.03864
0.23017
0.38547
0.00857
0.00850
0.00761
0.00059
0.12154
0.00999
0.00008
0.00014
0.00284
0.01001
0.00048
0.00023
0.00010
0.00010
0.01447
0.00008
0.00098
0.01055
0.99540
0.99946
0.99998
0.99791
0.99923
0.99990
0.99996
0.99999
0.99672
0.00001
0.00001
0.00000
0.00009
0.00019
0.02305
0.00025
0.00119
0.02365
0.00059
0.00004
0.00003
0.00008
0.00149
0.00062
0.00008
0.00002
0.99924
0.99890
0.99966
0.00008
0.98935
0.05224
0.01726
0.00822
0.99963
0.00147
0.96137
0.96681
0.00003
0.00010
0.00006
0.00008
0.00049
0.00085
0.00103
0.00157
0.00114
0.01084
0.00038
0.00063
0.00316
0.99982
0.99998
0.00041
0.00064
0.98686
0.00187
0.00373
0.99728
0.99095
0.00017
0.00040
0.00186
0.00159
0.00233
0.00420
0.00601
0.99922
0.99831
0.99937
0.00073
0.00051
1.00000
0.99992
0.99990
0.99879
0.99927
0.00040
0.00267
0.00767
0.09451
0.00830
0.00002
0.00009
0.00001
0.00010
0.10939
0.00120
0.02858
0.00050
0.04759
0.97791
0.95478
0.97218
0.72411
0.00230
0.99999
0.37239
0.01783
0.00051
0.00009
0.01239
0.00010
0.00071
0.06648
0.00123
0.00002
0.04960
0.00003
0.00002
0.00000
0.00000
0.00073
0.66665
0.00043
0.00714
0.00076
0.00329
0.00849
0.00007
0.99984
0.98606
0.98945
0.99999
0.99996
0.99996
0.99713
0.99936
0.98912
0.99959
0.99854
0.99979
0.99854
0.99739
0.97870
0.99333
0.50545
0.99111
0.99853
0.99998
0.99999
0.99998
0.99681
0.99739
0.99959
0.99890
0.99610
0.99929
0.99844
0.96911
0.98663
0.00114
0.00074
0.00578
0.32201
0.99038
0.99065
0.96077
0.03676
0.23180
0.79366
0.74922
0.59728
0.00661
0.01583
0.00114
0.01789
0.09255
0.00069
0.00012
0.00055
0.00022
0.00101
0.00051
0.73135
0.28819
0.00298
0.00485
0.00020
0.00199
0.87852
0.95085
0.97746
0.77893
0.97681
0.97847
0.70063
0.87990
0.80011
0.91028
0.00402
0.00632
0.00082
0.92840
0.15882
0.02827
0.16705
0.01574
0.04282
0.99861
0.00294
0.00018
0.00060
0.00088
0.00064
0.00034
0.00014
0.00145
0.00293
0.00170
0.00192
0.00122
0.00029
0.00001
0.00004
0.00001
0.00003
0.00002
0.00001
0.00159
0.00117
0.17563
0.29002
0.01861
0.01442
0.00045
0.00180
0.01134
0.00057
0.00014
0.00050
0.00141
0.99902
0.99988
1.00000
0.99808
0.06671
0.05180
0.00940
0.09776
0.01615
0.00597
0.02290
0.00362
0.99996
0.99991
0.99941
0.98679
0.99998
0.99970
0.99666
0.99610
0.99917
0.92019
0.99622
0.99925
0.99896
0.99739
0.96177
0.99696
0.99970
0.99990
0.97406
0.97391
0.98634
0.98433
0.91708
1.00000
0.99999
0.99999
0.98791
0.98969
0.99030
0.97940
0.98455
0.97196
0.99395
0.98922
0.96006
0.98545
0.98304
0.96562
0.96028
0.00038
0.00070
0.10350
0.02680
0.00098
0.00010
0.00289
0.00043
0.01220
0.10452
0.00453
0.10642
0.29383
0.00248
0.99483
0.06597
0.01416
0.07082
0.53422
0.00442
0.00735
0.03789
0.00133
0.99942
0.99843
0.99935
0.99916
0.99994
0.98709
0.99748
0.99929
0.99980
0.99946
0.98372
0.99887
0.99886
0.99856
0.99605
0.99957
0.00358
0.00190
0.00297
0.01085
0.03215
0.00181
0.70099
0.04695
0.00453
0.06603
0.03637
0.00538
0.22133
0.04143
0.98172
0.97437
0.98061
0.97566
0.97955
0.96570
0.01042
0.00313
0.00017
0.00015
0.00055
0.00129
0.00027
0.00187
0.00358
0.99994
0.99971
0.00000
0.00001
0.00011
0.00020
0.00037
0.00052
0.00020
0.00002
0.00150
0.00082
0.00053
0.00006
0.00000
1.00000
0.99993
0.99996
0.00001
0.00000
0.00005
0.00002
0.00002
0.00001
0.00000
0.00000
0.00002
0.00001
0.00234
0.00000
0.00000
0.00000
0.00000
0.00001
0.00000
0.99994
0.99907
1.00000
1.00000
0.99999
1.00000
0.99984
0.99996
0.00000
0.00000
0.00000
0.00004
0.99991
0.99830
0.99981
0.66606
0.99893
1.00000
0.00079
0.03197
0.35599
0.00009
0.00095
0.00045
0.00231
0.00017
0.00004
0.00051
0.00046
0.00009
0.00003
0.00002
0.00005
0.00022
0.00183
0.00007
0.00005
0.00050
0.00002
0.00002
0.00023
0.00015
0.00012
0.00015
0.99993
0.99984
0.99994
0.99593
0.92727
0.99820
0.97784
0.99996
0.96455
0.99950
0.99884
0.00003
0.12527
0.00002
0.00008
0.01542
0.00660
0.00054
0.00015
0.00013
0.00020
0.00030
0.00012
0.00068
0.00020
0.00010
0.00052
0.00112
0.00072
0.02776
0.00001
0.00001
0.00001
0.00025
0.00008
0.00106
0.00068
0.00002
0.00086
0.00042
0.04405
0.00587
0.99942
0.99924
0.99970
0.00033
0.00346
0.00004
0.00008
0.00011
0.00008
0.00028
0.00024
0.00001
0.00005
0.00083
0.00027
0.01356
0.00005
0.00070
0.00043
0.00226
0.00009
0.00062
0.01783
0.02177
0.02542
0.00016
0.00032
0.00006
0.00014
0.00007
1.00000
0.99980
1.00000
1.00000
0.00992
0.00992
0.18119
0.00293
0.00311
0.01935
0.00008
0.07829
0.00030
0.11557
0.00003
0.01884
0.00175
0.17765
0.65989
0.99992
0.99907
0.99854
0.91951
0.97274
0.00036
0.00127
0.00029
0.00102
0.54239
0.04663
0.01645
0.98419
0.92045
0.92134
0.89181
0.99750
0.00048
0.01968
0.00144
0.05221
0.01856
0.01519
0.03472
0.01930
0.00462
0.99959
0.99956
0.99782
1.00000
0.99996
0.99979
0.99947
0.99940
0.99971
0.00009
0.00104
0.00006
0.07600
0.49783
0.99951
0.99973
0.00002
0.00000
0.99946
0.01211
0.00163
0.00060
0.00011
0.00000
0.00000
0.00000
0.00000
0.00005
0.00004
0.00036
0.00119
0.00050
0.02656
0.00689
0.01508
0.10711
0.01706
0.02201
0.00032
0.00002
0.00000
0.00009
0.00026
0.99969
0.99981
0.99999
1.00000
1.00000
0.99995
0.98438
0.97010
0.97855
0.99057
0.99972
0.99998
0.99810
0.00028
0.00002
0.00000
0.00000
0.99677
0.99844
0.00000
0.00000
1.00000
1.00000
0.99123
0.99820
0.99995
0.99999
0.99994
0.99974
0.99994
0.99941
0.00000
0.00004
0.00004
0.00005
0.00000
0.00000
0.00001
0.00001
0.00000
0.00001
0.99909
1.00000
0.99999
0.99999
1.00000
0.99999
0.99999
1.00000
1.00000
0.00002
0.00017
0.00006
0.99998
0.99998
1.00000
0.00002
0.00014
0.98477
0.05772
0.00062
0.00031
0.00000
0.00001
1.00000
0.00000
0.00000
0.00000
0.00000
0.00009
0.00017
0.00036
0.00696
0.00269
0.00478
0.04888
0.02834
0.00101
0.00020
0.01712
0.01903
0.00140
0.01694
0.00925
0.00000
0.00001
0.00000
0.00001
0.00000
0.00006
0.00005
0.00001
0.00002
0.00003
0.00003
0.00001
0.00002
0.00002
0.00004
0.00110
0.00970
0.00000
0.00000
0.00000
0.00001
0.00000
0.00002
0.00000
0.00000
0.00000
0.00079
0.00044
0.00000
0.00001
0.00006
0.00000
0.00000
0.00001
0.00001
0.00011
0.00001
0.01065
0.00017
0.00044
1.00000
0.99997
0.99997
0.99995
1.00000
0.99999
0.99986
0.00000
0.00001
0.00023
0.00003
0.00019
0.00000
0.00000
0.00000
0.00000
0.00000
0.00000
0.00315
0.00360
0.00000
0.00000
0.99999
0.99999
0.00000
0.00000
0.00000
0.00000
0.00000
0.00000
0.00001
0.00000
0.00000
0.00000
0.00000
0.00000
0.00000
0.00000
0.00000
0.00000
0.00000
0.00000
0.00000
0.00000
0.00000
0.00000
0.00000
0.00001
0.00000
0.00000
0.00000
0.00000
0.00000
0.00000
0.00000
0.00000
0.00000
0.00000
0.00000
0.00000
0.00000
0.00000
0.00000
0.00000
0.00000
0.00000
0.00000
0.00000
0.00000
0.00000
0.00000
0.00000
0.00000
0.00000
0.00000
0.00000
0.00000
0.00000
0.00000
0.00000
0.00000
0.00000
0.00000
0.00000
0.00000
0.00000
0.00000
0.00000
0.00000
0.00000
0.00000
0.00000
0.00000
0.00000
0.00000
0.00000
0.00000
0.00000
0.00000
0.00000
0.00000
0.00000
0.00000
0.00001
0.00000
0.00000
1.00000
0.99997
0.99987
1.00000
0.99997
0.99989
0.99980
0.99999
0.99999
0.99999
0.99994
0.99954
0.99994
0.99999
1.00000
0.99996
0.99998
0.99999
0.99986
0.99992
0.99998
0.99998
0.00007
0.00527
0.01370
0.00086
0.01098
0.00471
0.00880
0.00000
0.00000
0.00000
0.99995
0.00000
0.00000
0.00289
0.00318
0.00025
0.00000
0.00000
0.00042
0.00124
0.99991
1.00000
0.99772
0.97563
0.99998
0.99999
0.00004
0.00009
0.00001
0.00008
0.00019
0.00002
0.00000
0.00038
0.00078
0.00095
0.00003
0.00001
0.00005
0.00001
0.00000
0.99750
0.99951
0.00000
0.00000
0.00003
0.00001
0.00002
0.99853
0.99998
1.00000
1.00000
1.00000
1.00000
1.00000
1.00000
1.00000
1.00000
0.00000
0.00000
0.00000
0.00000
0.00000
0.00000
0.00000
0.00000
0.00000
0.00000
0.00015
0.00034
0.00007
0.00003
0.00000
0.00000
0.00000
0.00000
0.00000
0.00000
0.00000
0.00000
0.00001
0.00000
0.00000
0.00000
0.00127
0.09050
0.00024
0.00010
0.00000
0.00000
0.00000
0.00000
0.00000
0.00000
0.00000
0.00000
0.00000
0.00000
0.00000
0.00000
0.00000
0.00000
0.00000
0.00000
0.00000
0.00000
0.00000
0.00000
0.00000
0.00000
0.00000
0.00000
0.00000
0.00000
0.00000
0.00000
0.00000
0.00000
0.00000
0.00000
0.00000
0.00000
0.00000
0.00000
0.00000
0.00000
0.00000
0.00000
0.00000
0.00000
0.00000
0.00000
0.00000
0.00000
0.00000
0.00000
0.00000
0.00000
0.00000
0.00000
0.00000
0.00000
0.00000
0.00000
0.00000
0.00000
0.00000
0.00000
0.00000
0.00000
0.00000
0.00000
0.00000
0.00000
0.00000
0.00000
0.00000
0.00000
0.00000
0.00000
0.00000
0.00000
0.00000
0.00000
0.00000
0.00000
0.00000
0.00000
0.00000
0.00000
0.00000
0.00000
0.00000
0.00000
0.00000
0.00000
0.00000
0.00000
0.00000
0.00000
0.00000
0.00000
0.00000
0.00000
0.00000
0.00000
0.00000
0.00000
0.00000
0.00000
0.00000
0.00000
0.00000
0.00000
0.00000
0.00000
0.00000
0.00000
0.00000
0.00000
0.00000
0.00000
0.00000
0.00000
0.00000
0.00000
0.00000
0.00001
0.00000
0.00000
0.00000
0.00000
0.00000
0.00000
0.00000
0.00000
0.00000
0.00000
0.00000
0.00000
0.00000
0.00000
0.00000
0.00000
0.00000
0.00000
0.00000
0.00000
0.00000
0.00000
0.00000
0.00000
0.00000
1.00000
0.99987
0.99999
0.99999
0.00000
0.00000
0.00000
0.00216
0.00448
0.00008
0.00000
0.00000
0.00000
0.00000
0.99994
0.99988
1.00000
1.00000
0.99994
0.00001
0.00158
0.00003
0.00001
0.00069
0.00000
0.00062
0.00002
0.00005
0.00035
0.00002
0.00004
0.00048
0.00058
0.00129
0.00317
0.99674
0.99079
0.00000
0.00000
0.99989
0.99678
0.99997
0.01459
0.00076
0.00246
0.00117
0.00031
0.00568
0.01773
0.00109
0.00972
0.01801
0.00369
0.00001
0.00001
0.00001
0.00000
0.00011
0.00002
0.00007
0.00003
0.94850
0.99970
0.99947
0.99998
0.00074
0.00270
0.01056
0.00150
0.00003
0.00018
0.00725
0.00039
0.13411
0.99919
0.99770
0.00003
0.00002
0.00000
0.00000
0.00003
1.00000
1.00000
0.99975
0.99987
0.99986
0.99943
0.99943
0.99997
0.99992
0.99927
0.99846
0.99863
0.99993
0.00016
0.00046
0.00031
0.00001
0.99990
0.99995
1.00000
1.00000
1.00000
0.99993
0.99999
0.99979
0.99984
0.99995
0.99997
0.99986
1.00000
1.00000
0.99964
0.99953
1.00000
0.99999
0.99943
0.99850
0.99994
0.00002
0.00001
0.00000
0.00000
0.02973
0.99997
0.99966
0.99993
0.99995
0.99987
0.99985
0.99957
0.99976
0.99929
0.99991
0.99992
0.99967
0.00159
0.99986
0.00023
0.99996
0.99998
0.00093
0.00254
0.00068
0.00035
0.99997
0.99997
0.99994
0.99997
0.99812
0.99990
0.99907
0.00811
0.00177
0.00308
0.00073
0.00002
0.00001
0.00008
0.00003
0.00008
0.93702
0.98752
0.98940
0.99635
0.99153
0.98004
0.99865
0.99997
1.00000
0.99998
1.00000
0.99998
1.00000
0.99998
0.00207
0.00069
0.00060
0.01278
0.00019
0.00702
0.00000
0.00000
0.00002
0.00003
0.00001
0.00001
0.00002
0.00035
0.00016
0.00002
0.00000
0.00000
0.00000
0.99983
0.99986
0.00002
0.00000
0.99990
0.99994
0.99442
0.99910
0.99997
0.99989
0.99984
0.99987
0.99984
0.00003
0.00000
0.00000
0.05674
0.00388
0.00000
0.00001
0.99999
0.00003
0.00002
0.00000
0.00006
0.99999
0.99999
0.99984
0.99843
0.98530
0.99705
0.99884
0.99833
0.99987
0.99933
0.98682
0.99999
1.00000
0.92825
0.00019
0.00012
0.03949
0.99999
0.00007
0.06579
0.00007
0.00070
0.99988
0.00006
0.00008
0.99723
0.99995
0.98150
0.98218
1.00000
1.00000
1.00000
0.99746
0.99999
0.00000
0.00002
0.00001
0.00000
0.99077
0.99804
0.99972
0.99995
0.99081
0.00333
0.00184
0.02189
0.01260
0.28760
0.01638
0.00108
0.75326
0.98833
0.03423
0.00773
0.00182
0.00020
0.00012
0.00014
0.99513
0.00868
0.12736
0.00120
0.01964
0.00712
0.00068
0.00046
0.00019
0.00020
0.00006
0.00331
0.00448
0.00859
0.00004
0.00000
0.00000
0.00000
0.00001
0.00001
0.00000
0.00011
0.00004
0.00056
0.00003
0.00934
0.00483
0.00207
0.99999
0.99983
0.99998
0.99994
0.99998
0.99992
0.99984
0.99995
0.98192
0.26075
0.99709
0.86174
0.99705
0.68358
0.99924
0.91307
0.99990
0.99518
0.00760
0.99676
0.99996
0.99994
0.99901
0.91222
0.99981
0.00368
0.02522
0.99830
0.96563
0.99963
0.99772
0.99909
0.00329
0.00709
0.00427
0.99839
0.99994
0.99826
0.99872
0.99972
0.99889
0.99996
1.00000
0.99996
0.99696
0.99759
0.99397
0.99439
0.99790
0.93269
0.96983
0.99832
0.98002
0.00282
0.01217
0.00002
0.00139
0.00528
0.75628
0.99609
0.00014
0.00007
0.00057
0.00059
0.00084
0.00008
0.00013
0.00008
0.57812
0.97197
0.95782
0.99148
0.00276
0.00273
0.02627
0.57782
0.14752
0.81828
0.00923
0.05800
0.97257
0.99890
0.99972
0.99779
0.98384
0.99691
0.99398
0.98737
0.99294
0.99809
0.99847
0.99220
0.99399
0.99916
0.99493
0.99398
0.99257
0.96512
0.99876
0.99804
0.99621
0.99821
0.97938
0.98192
0.98554
0.01234
0.00074
0.99797
0.99057
0.99887
0.99881
0.98578
0.97971
0.99712
0.18314
0.07355
0.00039
0.92924
0.94782
0.98929
0.99472
0.99247
0.97539
0.00013
0.00078
0.00005
0.00001
0.00004
0.00000
0.00001
0.00002
0.00000
0.00083
0.00003
0.89462
0.00004
0.99870
0.99989
0.99572
0.99899
0.19868
0.99985
0.99931
0.99850
0.99908
0.99854
0.99974
0.99998
0.99943
0.99999
0.99999
0.99998
0.99992
0.99999
0.99961
0.99989
0.03474
0.99403
0.99712
0.99965
0.99882
0.99936
0.96251
0.99973
0.99911
0.99914
0.99867
0.99986
0.02969
0.08329
0.00111
0.11771
1.00000
0.99999
0.99999
1.00000
0.99999
1.00000
1.00000
1.00000
1.00000
1.00000
1.00000
1.00000
1.00000
1.00000
1.00000
1.00000
0.99996
0.99995
0.99988
0.99997
1.00000
0.99972
1.00000
0.99954
0.98975
0.99863
0.99993
1.00000
0.99954
0.99996
0.99985
0.99332
0.99445
0.99418
0.99787
0.99937
0.99808
0.99948
0.99751
0.99905
0.99808
0.99953
0.99983
1.00000
0.99989
0.00000
0.00003
0.00002
0.00008
0.00002
0.00000
0.00001
0.00000
0.00000
0.00002
0.00119
0.99999
0.99914
0.99254
0.99976
0.99996
0.99997
0.99974
0.99564
0.99997
0.99970
0.99996
0.99658
0.99734
0.99987
0.00000
0.00000
0.00000
0.00000
0.00000
0.00001
0.97678
0.99908
0.99748
0.95864
0.99990
0.99985
0.99965
0.01364
0.99853
0.00001
0.00001
0.00010
0.00008
0.00007
0.00005
0.99940
0.99999
0.99846
0.99923
0.99979
0.00008
0.00371
0.41183
0.18161
0.00003
0.00003
0.00000
0.00007
0.00003
0.00024
0.00107
0.00015
0.02311
0.00854
0.00709
0.00159
0.00011
0.00134
0.00327
0.00452
0.00320
0.00120
0.00061
0.00051
0.00046
0.00004
0.00113
0.01338
0.00003
0.00036
0.00010
0.00005
0.00003
0.00010
0.21570
0.00359
0.00001
0.00006
0.00002
0.00140
0.45772
0.45641
0.99796
0.99984
1.00000
1.00000
0.99966
0.99999
0.99996
0.03249
0.99966
0.99975
0.00000
0.00000
0.00000
0.69344
0.99173
0.99749
0.99973
0.99650
0.99987
0.99963
0.90952
0.99998
0.99998
0.99933
0.99997
0.99999
0.99999
0.99999
0.99999
0.99874
0.99844
0.99971
1.00000
1.00000
0.99891
0.99980
0.99991
1.00000
1.00000
1.00000
1.00000
1.00000
1.00000
1.00000
1.00000
0.99941
0.99998
0.00001
0.00034
0.00133
0.00008
0.99115
0.00001
0.00002
0.00000
0.00051
0.00070
0.00000
0.00008
0.00003
0.00090
0.00376
0.00035
0.00857
0.00008
0.00014
0.00038
0.00083
0.00036
0.00032
0.00004
0.00008
0.00014
0.99916
0.99877
1.00000
0.99999
1.00000
1.00000
1.00000
0.99999
0.99999
0.99999
1.00000
1.00000
0.99987
1.00000
1.00000
1.00000
1.00000
0.99998
1.00000
0.99994
0.99995
0.99999
0.99972
0.99998
0.99989
1.00000
0.99997
0.00000
0.00000
0.00000
0.00000
0.00000
0.00000
0.00001
0.00000
0.00001
0.00001
0.00000
0.00000
0.00000
0.00002
0.00001
0.00000
0.00000
0.00000
0.00000
0.00000
0.99996
0.99999
1.00000
0.99984
0.99974
0.99997
0.73667
0.53821
0.99987
0.99988
0.00000
0.00001
0.00000
0.00000
0.00000
0.00000
0.00000
0.00000
1.00000
0.99998
0.99999
0.99999
0.99998
0.00001
0.00001
0.00000
0.00000
0.00001
0.00000
0.00012
0.00011
0.00006
0.00011
0.99999
0.99992
0.99996
0.99999
0.99999
0.99992
1.00000
0.99997
1.00000
1.00000
0.99999
0.99998
0.99998
0.99998
0.99999
1.00000
1.00000
1.00000
1.00000
1.00000
1.00000
0.00000
0.00000
0.00000
0.00000
0.00000
0.00000
0.00000
0.00000
0.00001
0.00000
0.99999
0.99911
0.99949
0.99996
0.99974
1.00000
1.00000
0.99997
0.99999
0.99992
1.00000
0.99998
0.99998
1.00000
1.00000
1.00000
1.00000
1.00000
1.00000
1.00000
0.99991
0.99993
1.00000
0.99998
0.99999
0.99999
1.00000
1.00000
1.00000
1.00000
0.00000
0.00041
0.00010
0.00005
0.00003
0.99669
0.99984
0.99987
0.00002
0.00001
0.00000
0.00004
0.99962
0.34525
0.00002
0.00003
1.00000
0.99968
1.00000
1.00000
1.00000
1.00000
1.00000
1.00000
1.00000
0.99999
0.00062
0.00039
0.00021
0.00206
0.00004
0.00110
0.00019
0.99987
0.99991
0.99965
0.99972
0.29152
0.99996
0.00000
0.00000
1.00000
0.99999
1.00000
0.99995
0.99761
0.99463
0.00173
0.99999
0.99995
0.99996
0.00001
0.00105
0.99938
0.99930
0.98812
0.98841
0.00185
0.00043
0.00006
0.00012
0.00033
0.00071
0.01245
0.00007
0.00026
0.06617
0.03226
0.01463
0.05519
0.00000
0.00000
0.00001
0.00001
0.00000
0.00000
0.00001
0.00001
0.00006
0.00000
0.00000
0.00000
0.00001
0.03610
0.00252
0.00004
0.00002
0.00036
0.00006
0.00012
0.00930
0.10752
0.00306
0.02083
0.01125
0.00654
0.00021
1.00000
1.00000
1.00000
1.00000
1.00000
1.00000
1.00000
0.99990
0.99991
0.99982
0.99999
0.99982
0.99975
1.00000
0.00000
0.00000
0.00000
0.00000
0.00000
0.00000
0.00000
0.00000
0.00000
0.00000
0.00000
0.00000
0.00000
0.00000
0.00000
0.00000
0.00000
0.00000
0.00000
0.00000
0.00000
0.00000
0.00000
0.00000
0.00000
0.00000
0.00000
0.00000
0.00000
0.00000
0.00000
0.00000
0.00000
0.00000
0.00000
0.00000
1.00000
0.99926
0.99994
0.99996
0.99997
0.00200
0.00065
0.00001
0.00101
0.00054
0.00055
0.00088
0.00203
0.00021
0.00019
0.00009
0.99998
0.99923
0.99699
0.99603
0.74933
0.70263
0.67199
0.99991
0.99999
0.70068
0.99999
0.99996
0.99991
0.00126
0.00000
0.00161
0.00000
0.00000
0.99753
0.99882
0.99997
0.00001
0.00001
0.00001
0.00003
0.99975
0.99888
0.99986
0.99930
0.96579
0.99625
0.99997
0.99995
0.98946
0.99941
0.99987
0.71717
0.99991
0.99998
1.00000
1.00000
0.99999
0.99999
0.99999
0.99999
1.00000
1.00000
1.00000
0.00517
0.00285
0.12508
0.00027
0.94363
0.99477
0.99134
0.98891
0.99878
0.99856
0.99233
0.99687
0.99371
0.98600
0.98110
0.98820
0.94468
0.98079
0.99633
0.99750
0.98023
0.97255
0.99991
0.99990
0.99990
0.99958
0.99963
0.99973
0.99959
0.00149
0.98334
0.75811
0.12177
0.99746
0.99448
0.99936
0.99814
0.01594
0.96162
0.99588
0.99989
0.99994
0.99889
0.99996
0.99988
0.99992
0.99997
0.99962
0.99918
0.99213
0.99900
0.99993
0.99984
0.00564
0.00275
1.00000
1.00000
1.00000
0.99999
0.99999
0.99999
0.97982
1.00000
1.00000
1.00000
1.00000
1.00000
1.00000
1.00000
1.00000
0.99975
0.99997
1.00000
1.00000
1.00000
1.00000
1.00000
1.00000
1.00000
1.00000
1.00000
1.00000
0.00002
0.00008
0.00001
0.99999
1.00000
1.00000
0.99998
0.99998
0.99999
1.00000
1.00000
1.00000
1.00000
1.00000
1.00000
1.00000
1.00000
0.00005
0.00020
0.00014
0.00012
0.00013
0.00022
0.00016
0.00014
0.00051
0.00003
0.00075
0.00036
0.00109
0.00000
0.00040
0.00177
0.00330
0.00721
0.99847
1.00000
1.00000
1.00000
0.99999
0.99992
1.00000
1.00000
0.99998
0.99999
0.99991
0.99950
1.00000
1.00000
0.98822
0.99089
0.99591
0.99980
0.95996
0.98336
0.99402
0.99997
0.99037
0.99999
0.99998
0.99993
0.99996
0.99998
1.00000
1.00000
0.99999
0.04000
0.01331
0.99699
0.00277
0.00125
0.98507
0.90166
0.99497
0.28625
0.77497
0.82525
0.14753
0.82380
0.30720
0.94352
0.98419
0.99561
0.97425
0.20016
0.27672
0.00848
0.01817
0.00660
0.17179
0.03945
0.04642
0.01667
0.01706
0.99860
0.99933
0.99910
0.99899
0.99909
0.99435
0.99822
0.98127
0.99789
0.99282
0.99630
0.99730
0.99684
0.99977
0.98899
0.99784
0.99021
0.99191
0.98896
0.99848
0.99982
0.99816
0.99914
0.99855
0.99636
0.99912
0.94008
0.49273
0.00144
0.00168
0.00494
0.00428
0.00809
0.00184
0.99716
0.99999
0.99999
0.99997
0.99996
0.99997
1.00000
1.00000
0.99198
0.97328
0.99997
1.00000
0.00152
0.00038
0.06753
0.00186
0.00020
0.00107
0.00001
0.02187
0.00031
0.00000
0.00004
0.99988
1.00000
1.00000
0.99994
1.00000
1.00000
0.99988
0.99995
0.99998
0.99999
0.99999
0.99999
1.00000
0.99999
0.00484
1.00000
1.00000
0.00004
0.00014
0.00012
0.00399
0.00249
0.00295
0.00018
0.00008
0.00164
0.00010
0.99999
1.00000
1.00000
1.00000
0.99986
0.99999
1.00000
0.99999
1.00000
0.99983
1.00000
1.00000
1.00000
1.00000
1.00000
0.99997
1.00000
0.99994
1.00000
0.99999
1.00000
0.00000
0.00029
0.00003
0.00003
0.00010
0.00008
0.00090
0.00030
0.00098
0.00037
0.00006
0.00004
0.00003
0.97639
0.99936
0.00003
0.00087
0.00000
0.00455
0.00058
0.00048
0.00051
0.00095
0.00015
0.00033
0.00005
0.00005
0.00175
0.00218
0.00019
0.00063
0.01985
0.00963
0.00276
0.00016
0.00014
0.00000
0.00000
0.00000
0.00000
0.00000
0.00000
0.00008
0.00005
0.00000
0.00000
0.00010
0.00190
0.00001
0.00046
0.00202
0.00553
0.00161
0.00273
0.00044
0.00034
0.00215
0.00000
0.00011
0.00000
1.00000
0.99997
0.99993
0.99981
0.99991
0.00000
0.00000
0.00000
0.00000
0.00000
0.00017
0.00001
0.00006
0.00022
0.00065
0.00002
0.00111
0.00001
0.00045
0.00000
0.00016
0.99976
0.00000
0.00000
0.00000
0.00001
0.99999
0.99999
0.99998
0.99998
0.99998
0.99996
0.99996
0.00000
0.00000
0.00000
0.00000
0.00000
0.00000
0.00000
0.00000
0.00000
0.00000
0.00000
0.00000
0.00000
0.99999
0.99999
0.99999
0.99984
0.99962
1.00000
1.00000
0.99997
1.00000
1.00000
1.00000
0.99999
0.99999
1.00000
0.99983
0.99997
0.99989
0.99999
0.99996
0.99997
0.99967
0.99969
0.99956
0.99609
1.00000
1.00000
1.00000
0.99999
1.00000
1.00000
1.00000
1.00000
1.00000
1.00000
1.00000
1.00000
1.00000
1.00000
1.00000
1.00000
0.99985
0.99977
0.99859
0.00000
1.00000
1.00000
1.00000
0.99999
0.99999
0.99803
1.00000
1.00000
1.00000
1.00000
0.00000
0.00000
0.00000
0.00000
0.00000
0.00000
0.00000
0.00000
1.00000
0.99998
0.99999
1.00000
0.99976
0.95611
0.99998
0.99999
0.99999
0.99980
0.99805
0.99921
0.99979
0.99417
0.99999
1.00000
0.99988
0.99997
1.00000
1.00000
0.99995
1.00000
0.99792
0.99812
0.99850
0.99928
0.99991
0.99999
0.99999
0.99997
0.99988
1.00000
1.00000
0.99613
0.99750
0.99997
0.99968
0.99999
0.00003
0.00000
1.00000
0.99997
0.99994
0.99910
0.99952
0.99907
1.00000
1.00000
1.00000
1.00000
1.00000
0.99999
1.00000
1.00000
0.99999
0.99984
0.99964
1.00000
1.00000
1.00000
0.99998
0.99256
1.00000
1.00000
0.00000
0.00000
0.00000
0.00000
1.00000
1.00000
1.00000
1.00000
1.00000
1.00000
1.00000
1.00000
1.00000
0.99999
0.99996
1.00000
1.00000
1.00000
1.00000
1.00000
1.00000
0.99996
0.99997
0.99999
0.99993
0.99999
0.99686
1.00000
0.99797
1.00000
1.00000
0.99981
0.99998
1.00000
1.00000
1.00000
1.00000
1.00000
1.00000
1.00000
1.00000
1.00000
1.00000
1.00000
1.00000
1.00000
1.00000
1.00000
1.00000
1.00000
1.00000
1.00000
1.00000
1.00000
0.99998
0.99997
0.00566
1.00000
0.99930
0.99999
0.99925
0.00000
0.00000
0.00000
0.99999
0.99999
0.99998
1.00000
0.99243
0.99809
0.99906
0.99773
0.99248
0.97797
0.66751
0.95176
0.90833
0.95157
0.97809
0.99636
0.00001
0.00000
0.00000
0.00001
0.00003
0.00000
0.00003
0.98771
0.96745
0.99916
0.99803
0.00070
0.00001
0.00003
0.00004
0.00232
0.00001
0.00000
0.00000
0.00001
0.00000
0.00001
0.00000
0.99999
0.99999
0.99904
0.99725
0.00001
1.00000
1.00000
1.00000
1.00000
1.00000
1.00000
1.00000
1.00000
1.00000
1.00000
1.00000
1.00000
1.00000
1.00000
1.00000
1.00000
0.99999
1.00000
1.00000
1.00000
1.00000
1.00000
1.00000
0.99999
1.00000
1.00000
0.00792
0.00916
0.99968
0.99999
0.25093
0.99897
0.99318
0.99927
0.99982
0.99881
0.99122
0.91679
0.99626
0.00002
0.00037
0.00076
0.00004
0.00003
0.99653
0.99992
0.99490
0.99774
0.99998
0.99996
1.00000
0.99988
0.99744
0.99648
0.99921
0.99832
0.97801
0.97877
0.99999
1.00000
0.99999
0.99999
1.00000
1.00000
0.99998
1.00000
0.99981
0.99992
0.99997
0.99994
0.99998
0.98981
0.99952
0.89169
0.99908
0.99559
0.99997
0.99978
0.99916
0.99603
1.00000
1.00000
1.00000
0.99999
1.00000
0.99999
0.99999
0.99997
1.00000
1.00000
0.99999
0.99995
0.99944
0.99997
1.00000
0.99997
0.99994
0.99999
0.99998
0.99998
1.00000
1.00000
0.99999
0.98647
0.00539
0.99606
0.11744
0.00012
0.00104
0.00988
0.00072
0.00112
0.00047
0.00000
0.00000
0.00000
0.00000
0.00000
0.00001
0.00000
0.00000
0.02678
0.00009
0.00010
0.00001
0.00000
0.00000
0.00000
0.00000
0.00000
0.00023
0.00002
0.00043
0.98846
0.94691
0.94573
0.98182
0.94892
0.99425
0.99960
0.99998
0.98765
0.89246
0.98608
0.99970
0.99997
0.99993
0.99900
0.99904
0.99923
0.98394
0.98185
0.96346
0.99013
0.99181
0.01224
0.99625
0.80161
0.99967
0.99983
0.97212
0.92565
0.99254
0.99812
0.99529
0.98833
0.99735
0.98154
0.98606
0.99131
0.98854
0.98661
0.85557
0.99989
0.99522
0.99271
0.93700
0.96380
0.99663
0.99244
0.99696
0.99808
0.00001
0.00022
0.99527
0.99710
0.99972
0.00332
0.99929
0.99677
0.00000
0.00007
0.99997
0.99990
0.99986
0.99989
0.99965
0.99973
0.99996
0.99997
0.99996
0.99992
0.00002
0.00001
0.00000
0.00000
0.99343
0.99983
0.99980
0.99589
0.99930
0.99929
0.99997
1.00000
0.99998
1.00000
1.00000
1.00000
1.00000
0.99945
0.99849
1.00000
1.00000
0.99737
0.99739
1.00000
1.00000
0.99998
0.99893
1.00000
1.00000
1.00000
1.00000
1.00000
1.00000
1.00000
1.00000
1.00000
1.00000
1.00000
1.00000
1.00000
1.00000
1.00000
1.00000
0.94405
0.99729
0.99998
0.99999
0.99471
0.99669
0.99948
0.99907
0.00004
0.00016
0.00580
0.00020
0.00020
0.00002
0.00003
0.00010
0.99964
0.99972
0.99697
0.99994
0.99991
0.99998
1.00000
1.00000
1.00000
1.00000
1.00000
1.00000
1.00000
1.00000
1.00000
0.99995
0.99997
0.99977
1.00000
0.99997
0.99998
0.99978
0.99920
0.99999
0.99931
0.98890
0.98861
0.99950
0.00260
0.00679
0.00775
0.00407
0.02375
0.00013
0.00091
0.98553
0.97020
0.99993
0.99999
0.98728
0.97103
0.00018
0.00137
0.99978
0.99844
0.99925
0.99998
0.99975
0.99996
0.99996
0.99981
0.99991
0.99999
0.00011
0.00112
0.99995
0.99995
0.99774
0.99471
0.99707
0.00009
0.00031
0.00022
0.00148
0.00202
0.00001
0.00001
0.00001
0.00008
0.00004
0.00069
0.00101
0.00076
0.00001
0.00004
0.99974
0.99945
0.99993
0.99988
0.99871
1.00000
0.99995
0.99991
0.99927
0.99986
0.99933
0.99996
0.99982
0.92469
0.99979
0.99971
0.99990
0.99652
0.99961
0.99999
0.00009
0.00019
0.07275
0.00331
0.08079
0.00123
0.00012
0.00010
0.00007
0.00024
0.00046
0.00014
0.00007
0.00047
0.00025
0.00030
0.00018
0.00126
0.00393
0.00015
0.00004
0.99972
0.99979
1.00000
1.00000
1.00000
1.00000
1.00000
0.99995
0.99961
0.99938
0.99629
0.99944
0.99925
0.99874
0.99997
0.99998
0.99988
0.99755
0.99954
0.99935
0.99926
1.00000
0.99994
1.00000
0.99845
0.99682
0.99667
0.99884
1.00000
0.99999
0.99993
0.99966
0.99955
1.00000
0.99999
0.99998
0.99701
1.00000
1.00000
1.00000
1.00000
0.99798
0.99979
0.99804
0.00001
0.00000
0.00000
0.00000
0.00000
0.00000
0.00000
0.00000
0.00000
0.00000
0.99986
0.99999
0.99999
1.00000
0.99999
1.00000
0.99999
1.00000
0.99959
0.99998
0.99982
0.00004
0.00101
0.00001
0.00010
0.00002
0.00000
0.00034
0.00048
1.00000
0.99999
0.99977
0.99993
1.00000
1.00000
1.00000
1.00000
0.99782
0.99955
0.99996
0.99953
0.99922
0.99994
0.00000
0.00000
0.99998
0.99999
0.99843
0.99983
0.99987
0.99908
0.98938
0.99937
0.99852
0.99625
0.99227
0.99525
0.59898
0.99776
0.99997
0.99991
0.99998
0.99998
1.00000
1.00000
0.99966
0.99995
0.99724
0.99721
0.99976
0.99824
0.99973
0.99972
0.99993
0.99951
0.99999
0.99999
0.99988
0.99770
0.99750
0.98489
0.99990
0.99441
0.99991
0.99994
0.99943
0.99965
0.99994
0.99926
0.97837
0.99912
0.99999
0.99999
0.99999
0.99894
1.00000
0.99996
0.99991
0.99977
0.99828
0.99757
0.99816
1.00000
